#	hor	19.8	T IR	T Sens	Mag  	Hz   	Alt	Azi  	Lat    	Lon   	SL m
1	202018-10-03 	22:35:18	3.19	22.73	17.23	10.666	24	354	40:25:15,59374	-3:32:42,17438	705
2	202018-10-03 	22:35:19	3.29	22.73	17.23	10.666	24	355	40:25:15,59532	-3:32:42,17276	704
3	202018-10-03 	22:35:20	3.37	22.75	17.21	10.864	24	353	40:25:15,59899	-3:32:42,17287	705
4	202018-10-03 	22:35:21	3.37	22.73	17.22	10.765	24	353	40:25:15,5978	-3:32:42,17597	705
5	202018-10-03 	22:35:22	3.37	22.73	17.21	10.864	24	353	40:25:15,59114	-3:32:42,21938	706
6	202018-10-03 	22:35:23	3.41	22.73	17.22	10.765	24	353	40:25:15,57516	-3:32:42,21128	706
7	202018-10-03 	22:35:24	-2.19	22.69	17.22	10.765	24	352	40:25:15,5825	-3:32:42,21031	706
8	202018-10-03 	22:35:25	-2.27	22.73	17.57	7.798	41	355	40:25:15,59118	-3:32:42,23209	707
9	202018-10-03 	22:35:26	-2.51	22.73	17.57	7.798	41	352	40:25:15,59219	-3:32:42,23458	707
10	2018-10-03 	22:35:27	-2.87	22.71	17.6	7.586	42	352	40:25:15,5959	-3:32:42,24127	707
11	2018-10-03 	22:35:28	-2.87	22.71	17.6	7.586	43	353	40:25:15,59878	-3:32:42,22831	707
12	2018-10-03 	22:35:29	-2.91	22.71	17.6	7.586	43	352	40:25:15,60914	-3:32:42,22576	707
13	2018-10-03 	22:35:30	-2.87	22.69	17.6	7.586	43	353	40:25:15,61645	-3:32:42,23252	707
14	2018-10-03 	22:35:31	-2.91	22.69	17.6	7.586	43	353	40:25:15,62639	-3:32:42,2394	707
15	2018-10-03 	22:35:32	-2.87	22.69	17.6	7.586	43	353	40:25:15,60349	-3:32:42,21611	707
16	2018-10-03 	22:35:33	-2.87	22.69	17.6	7.586	43	354	40:25:15,60007	-3:32:42,22914	707
17	2018-10-03 	22:35:34	-7.39	22.71	17.6	7.586	43	353	40:25:15,60065	-3:32:42,2209	707
18	2018-10-03 	22:35:35	-8.97	22.69	17.89	5.808	58	329	40:25:15,59744	-3:32:42,21708	708
19	2018-10-03 	22:35:36	-8.97	22.67	17.89	5.808	62	353	40:25:15,60529	-3:32:42,21388	707
20	2018-10-03 	22:35:37	-9.05	22.69	17.89	5.808	63	352	40:25:15,60695	-3:32:42,22097	707
21	2018-10-03 	22:35:38	-9.05	22.69	17.89	5.808	63	353	40:25:15,61062	-3:32:42,23479	707
22	2018-10-03 	22:35:39	-9.19	22.69	17.89	5.808	63	352	40:25:15,59914	-3:32:42,24487	707
23	2018-10-03 	22:35:40	-9.15	22.63	17.89	5.808	63	353	40:25:15,5969	-3:32:42,24473	707
24	2018-10-03 	22:35:41	-9.11	22.67	17.89	5.808	62	353	40:25:15,59791	-3:32:42,24728	706
25	2018-10-03 	22:35:42	-9.15	22.63	17.89	5.808	63	353	40:25:15,59978	-3:32:42,2511	706
26	2018-10-03 	22:35:43	-9.23	22.59	17.89	5.808	63	353	40:25:15,60396	-3:32:42,25744	707
27	2018-10-03 	22:35:44	-9.19	22.67	17.89	5.808	63	352	40:25:15,60684	-3:32:42,26165	707
28	2018-10-03 	22:35:46	-9.19	22.67	18.04	5.058	80	1	40:25:15,61789	-3:32:42,27436	708
29	2018-10-03 	22:35:47	-9.19	22.67	18.03	5.105	80	0	40:25:15,6221	-3:32:42,27666	708
30	2018-10-03 	22:35:48	-9.19	22.67	18.03	5.105	80	0	40:25:15,62304	-3:32:42,2781	708
31	2018-10-03 	22:35:49	-9.19	22.67	18.04	5.058	80	0	40:25:15,62502	-3:32:42,28159	708
32	2018-10-03 	22:35:50	-9.19	22.67	18.04	5.058	80	3	40:25:15,62239	-3:32:42,29045	708
33	2018-10-03 	22:35:51	-9.19	22.67	18.04	5.058	80	1	40:25:15,62045	-3:32:42,28339	708
34	2018-10-03 	22:35:52	-9.19	22.67	18.04	5.058	80	1	40:25:15,62362	-3:32:42,28901	708
35	2018-10-03 	22:35:53	-9.19	22.67	18.04	5.058	80	2	40:25:15,62423	-3:32:42,29304	708
36	2018-10-03 	22:35:54	-9.19	22.67	18.04	5.058	80	1	40:25:15,62603	-3:32:42,29747	708
37	2018-10-03 	22:35:55	-9.19	22.67	18.04	5.058	80	3	40:25:15,63492	-3:32:42,30683	708
38	2018-10-03 	22:35:56	-9.19	22.67	18.09	4.831	80	169	40:25:15,63665	-3:32:42,31183	708
39	2018-10-03 	22:35:57	-9.19	22.67	18.09	4.831	79	172	40:25:15,63082	-3:32:42,30964	708
40	2018-10-03 	22:35:58	-9.19	22.67	18.09	4.831	79	172	40:25:15,63121	-3:32:42,30316	708
41	2018-10-03 	22:35:59	-9.19	22.67	18.09	4.831	79	172	40:25:15,63287	-3:32:42,3087	708
42	2018-10-03 	22:36:00	-9.19	22.67	18.09	4.831	79	172	40:25:15,62884	-3:32:42,32659	708
43	2018-10-03 	22:36:01	-9.19	22.67	18.09	4.831	79	172	40:25:15,62218	-3:32:42,34679	708
44	2018-10-03 	22:36:02	-9.19	22.67	18.09	4.831	79	171	40:25:15,61717	-3:32:42,37073	709
45	2018-10-03 	22:36:03	-9.19	22.67	18.09	4.831	79	171	40:25:15,61854	-3:32:42,39247	709
46	2018-10-03 	22:36:04	-9.19	22.67	18.09	4.831	79	172	40:25:15,62448	-3:32:42,40885	709
47	2018-10-03 	22:36:05	-9.19	22.67	18.09	4.831	79	171	40:25:15,61721	-3:32:42,41112	710
48	2018-10-03 	22:36:06	-9.37	22.51	18.03	5.105	69	182	40:25:15,6108	-3:32:42,40745	710
49	2018-10-03 	22:36:07	-9.23	22.51	18.02	5.152	60	185	40:25:15,61213	-3:32:42,40885	710
50	2018-10-03 	22:36:09	-9.37	22.51	18.02	5.152	60	186	40:25:15,61033	-3:32:42,3974	710
51	2018-10-03 	22:36:10	-9.27	22.47	18.02	5.152	60	186	40:25:15,60871	-3:32:42,39298	710
52	2018-10-03 	22:36:11	-9.27	22.47	18.02	5.152	60	186	40:25:15,60558	-3:32:42,39719	710
53	2018-10-03 	22:36:12	-9.37	22.45	18.02	5.152	60	186	40:25:15,6018	-3:32:42,4037	710
54	2018-10-03 	22:36:13	-9.41	22.45	18.02	5.152	60	185	40:25:15,60004	-3:32:42,40446	710
55	2018-10-03 	22:36:14	-9.31	22.47	18.02	5.152	60	186	40:25:15,59802	-3:32:42,39978	709
56	2018-10-03 	22:36:15	-9.31	22.47	18.02	5.152	60	186	40:25:15,59748	-3:32:42,39848	709
57	2018-10-03 	22:36:16	-3.03	22.47	18.02	5.152	60	186	40:25:15,59834	-3:32:42,39863	709
58	2018-10-03 	22:36:17	-2.95	22.45	17.79	6.368	40	186	40:25:15,60032	-3:32:42,39503	709
59	2018-10-03 	22:36:18	-2.83	22.45	17.79	6.368	40	187	40:25:15,60529	-3:32:42,39348	709
60	2018-10-03 	22:36:19	-2.67	22.45	17.78	6.427	39	187	40:25:15,61048	-3:32:42,39204	708
61	2018-10-03 	22:36:20	-2.71	22.45	17.78	6.427	39	187	40:25:15,61282	-3:32:42,38304	708
62	2018-10-03 	22:36:21	-2.39	22.39	17.78	6.427	39	186	40:25:15,61019	-3:32:42,37458	708
63	2018-10-03 	22:36:22	-2.47	22.41	17.76	6.546	38	183	40:25:15,61832	-3:32:42,37242	708
64	2018-10-03 	22:36:23	-2.39	22.39	17.76	6.546	38	183	40:25:15,61958	-3:32:42,36875	708
65	2018-10-03 	22:36:24	-2.43	22.39	17.76	6.546	38	183	40:25:15,61955	-3:32:42,36958	708
66	2018-10-03 	22:36:25	-2.39	22.41	17.76	6.546	38	183	40:25:15,62088	-3:32:42,37249	708
67	2018-10-03 	22:36:26	4.53	22.39	17.76	6.546	38	183	40:25:15,62124	-3:32:42,37681	708
68	2018-10-03 	22:36:27	4.53	22.39	17.55	7.943	18	181	40:25:15,6234	-3:32:42,38002	708
69	2018-10-03 	22:36:28	4.57	22.39	17.55	7.943	18	182	40:25:15,62646	-3:32:42,3793	708
70	2018-10-03 	22:36:29	4.67	22.37	17.56	7.87	18	182	40:25:15,62938	-3:32:42,37544	708
71	2018-10-03 	22:36:30	4.79	22.37	17.56	7.87	18	182	40:25:15,63218	-3:32:42,3685	708
72	2018-10-03 	22:36:31	4.75	22.37	17.56	7.87	17	182	40:25:15,63564	-3:32:42,35838	707
73	2018-10-03 	22:36:32	4.75	22.37	17.57	7.798	17	181	40:25:15,6383	-3:32:42,35028	707
74	2018-10-03 	22:36:33	4.81	22.41	17.57	7.798	17	180	40:25:15,64014	-3:32:42,34492	707
75	2018-10-03 	22:36:34	4.75	22.37	17.57	7.798	17	180	40:25:15,6414	-3:32:42,3416	707
76	2018-10-03 	22:36:35	4.71	22.35	17.57	7.798	17	180	40:25:15,64208	-3:32:42,3397	707
77	2018-10-03 	22:36:36	4.79	22.39	17.57	7.798	18	181	40:25:15,64241	-3:32:42,33865	707
78	2018-10-03 	22:36:37	4.79	22.39	17.57	7.798	21	183	40:25:15,64262	-3:32:42,33804	707
79	2018-10-03 	22:36:38	-6.89	22.37	18.09	4.831	80	186	40:25:15,6427	-3:32:42,33764	707
80	2018-10-03 	22:36:39	2.91	22.35	17.63	7.379	53	358	40:25:15,64046	-3:32:42,33379	707
81	2018-10-03 	22:36:40	2.81	22.35	17.27	10.28	27	11	40:25:15,63366	-3:32:42,3465	707
82	2018-10-03 	22:36:42	2.85	22.35	17.27	10.28	25	24	40:25:15,63359	-3:32:42,35986	707
83	2018-10-03 	22:36:43	2.89	22.35	17.27	10.28	25	24	40:25:15,62765	-3:32:42,36918	707
84	2018-10-03 	22:36:44	2.85	22.35	17.27	10.28	25	25	40:25:15,61973	-3:32:42,37696	707
85	2018-10-03 	22:36:45	3.11	22.31	17.27	10.28	25	25	40:25:15,61332	-3:32:42,38894	707
86	2018-10-03 	22:36:47	3.07	22.31	17.25	10.471	24	23	40:25:15,605	-3:32:42,40964	708
87	2018-10-03 	22:36:48	3.11	22.31	17.25	10.471	24	23	40:25:15,60166	-3:32:42,41594	708
88	2018-10-03 	22:36:49	3.15	22.31	17.25	10.471	24	24	40:25:15,60893	-3:32:42,42552	708
89	2018-10-03 	22:36:50	-2.71	22.31	17.25	10.471	24	23	40:25:15,61094	-3:32:42,4217	708
90	2018-10-03 	22:36:51	-2.71	22.31	17.64	7.311	42	22	40:25:15,61523	-3:32:42,4171	708
91	2018-10-03 	22:36:52	-2.71	22.27	17.64	7.311	42	22	40:25:15,61411	-3:32:42,41987	709
92	2018-10-03 	22:36:53	-3.15	22.31	17.67	7.112	42	20	40:25:15,6166	-3:32:42,41738	709
93	2018-10-03 	22:36:54	-3.15	22.31	17.67	7.112	43	22	40:25:15,61951	-3:32:42,41684	709
94	2018-10-03 	22:36:55	-3.19	22.31	17.67	7.112	43	21	40:25:15,62138	-3:32:42,4181	710
95	2018-10-03 	22:36:56	-3.35	22.29	17.67	7.112	43	21	40:25:15,62077	-3:32:42,4181	710
96	2018-10-03 	22:36:57	-3.31	22.27	17.68	7.047	43	24	40:25:15,61969	-3:32:42,41544	711
97	2018-10-03 	22:36:58	-3.35	22.29	17.68	7.047	43	25	40:25:15,62059	-3:32:42,41342	711
98	2018-10-03 	22:36:59	-3.27	22.27	17.68	7.047	43	24	40:25:15,62077	-3:32:42,41206	712
99	2018-10-03 	22:37:00	-3.79	22.27	17.68	7.047	43	24	40:25:15,61915	-3:32:42,41152	712
100	2018-10-03 	22:37:01	-9.37	22.27	17.86	5.97	50	24	40:25:15,61555	-3:32:42,41213	712
101	2018-10-03 	22:37:02	-9.31	22.27	17.94	5.546	63	22	40:25:15,61469	-3:32:42,41292	712
102	2018-10-03 	22:37:04	-9.37	22.25	17.94	5.546	63	23	40:25:15,61444	-3:32:42,41418	712
103	2018-10-03 	22:37:05	-9.27	22.25	17.94	5.546	63	23	40:25:15,61429	-3:32:42,41458	712
104	2018-10-03 	22:37:06	-9.37	22.25	17.94	5.546	63	22	40:25:15,61426	-3:32:42,41479	712
105	2018-10-03 	22:37:07	-9.23	22.23	17.94	5.546	63	22	40:25:15,61422	-3:32:42,4149	712
106	2018-10-03 	22:37:08	-9.27	22.23	17.94	5.546	63	23	40:25:15,61418	-3:32:42,41497	712
107	2018-10-03 	22:37:09	-9.27	22.23	17.94	5.546	63	22	40:25:15,61415	-3:32:42,41504	712
108	2018-10-03 	22:37:10	-9.37	22.23	17.94	5.546	63	23	40:25:15,61408	-3:32:42,41512	712
109	2018-10-03 	22:37:11	-9.37	22.23	17.94	5.546	63	23	40:25:15,61404	-3:32:42,41515	712
110	2018-10-03 	22:37:12	-9.37	22.23	18.06	4.966	81	33	40:25:15,61397	-3:32:42,41519	712
111	2018-10-03 	22:37:13	-9.37	22.23	18.07	4.92	81	31	40:25:15,61393	-3:32:42,41519	712
112	2018-10-03 	22:37:14	-9.37	22.23	18.06	4.966	81	30	40:25:15,6139	-3:32:42,41522	712
113	2018-10-03 	22:37:15	-9.37	22.23	18.06	4.966	81	31	40:25:15,61386	-3:32:42,41522	712
114	2018-10-03 	22:37:16	-9.37	22.23	18.06	4.966	81	32	40:25:15,6139	-3:32:42,41522	712
115	2018-10-03 	22:37:17	-9.37	22.23	18.06	4.966	81	30	40:25:15,61386	-3:32:42,41519	712
116	2018-10-03 	22:37:18	-9.37	22.23	18.06	4.966	81	32	40:25:15,61386	-3:32:42,41519	712
117	2018-10-03 	22:37:19	-9.37	22.23	18.06	4.966	81	31	40:25:15,61386	-3:32:42,41515	712
118	2018-10-03 	22:37:20	-9.37	22.23	18.06	4.966	81	31	40:25:15,6139	-3:32:42,41515	712
119	2018-10-03 	22:37:21	-9.37	22.23	18.06	4.966	80	33	40:25:15,6139	-3:32:42,41515	712
120	2018-10-03 	22:37:22	-9.37	22.23	18.07	4.92	83	177	40:25:15,61512	-3:32:42,41188	712
121	2018-10-03 	22:37:23	-9.37	22.23	18.07	4.92	79	192	40:25:15,61969	-3:32:42,40316	712
122	2018-10-03 	22:37:27	-9.37	22.23	18.07	4.92	79	191	40:25:15,63294	-3:32:42,41965	712
123	2018-10-03 	22:37:28	-9.37	22.23	18.07	4.92	79	192	40:25:15,62779	-3:32:42,42156	711
124	2018-10-03 	22:37:29	-9.37	22.23	18.07	4.92	79	191	40:25:15,62909	-3:32:42,41998	712
125	2018-10-03 	22:37:30	-9.37	22.23	18.07	4.92	79	191	40:25:15,63161	-3:32:42,4189	711
126	2018-10-03 	22:37:31	-9.37	22.23	18.07	4.92	79	193	40:25:15,63222	-3:32:42,42959	711
127	2018-10-03 	22:37:32	-9.31	22.11	18.03	5.105	81	190	40:25:15,62218	-3:32:42,42246	711
128	2018-10-03 	22:37:33	-9.15	22.11	17.91	5.702	59	208	40:25:15,61415	-3:32:42,41764	711
129	2018-10-03 	22:37:34	-9.27	22.13	17.91	5.702	59	208	40:25:15,60792	-3:32:42,41342	711
130	2018-10-03 	22:37:35	-9.05	22.11	17.91	5.702	60	208	40:25:15,60472	-3:32:42,41519	710
131	2018-10-03 	22:37:36	-9.11	22.07	17.91	5.702	59	208	40:25:15,60284	-3:32:42,42041	710
132	2018-10-03 	22:37:37	-9.19	22.07	17.91	5.702	60	208	40:25:15,59507	-3:32:42,42116	710
133	2018-10-03 	22:37:38	-9.19	22.09	17.92	5.649	60	208	40:25:15,59075	-3:32:42,42527	710
134	2018-10-03 	22:37:40	-9.15	22.09	17.91	5.702	60	208	40:25:15,58513	-3:32:42,4127	710
135	2018-10-03 	22:37:40	-9.11	22.05	17.91	5.702	60	208	40:25:15,57116	-3:32:42,40151	709
136	2018-10-03 	22:37:42	-9.11	22.09	17.91	5.702	60	208	40:25:15,55378	-3:32:42,39398	709
137	2018-10-03 	22:37:43	-3.23	22.05	17.91	5.702	59	208	40:25:15,53884	-3:32:42,38801	709
138	2018-10-03 	22:37:44	-3.11	22.07	17.53	8.091	39	214	40:25:15,53214	-3:32:42,38369	709
139	2018-10-03 	22:37:45	-3.11	22.05	17.53	8.091	39	215	40:25:15,53326	-3:32:42,37991	709
140	2018-10-03 	22:37:46	-2.87	22.07	17.52	8.166	39	215	40:25:15,53704	-3:32:42,37901	709
141	2018-10-03 	22:37:47	-2.87	22.05	17.51	8.241	39	215	40:25:15,54226	-3:32:42,37541	709
142	2018-10-03 	22:37:50	-2.59	22.05	17.49	8.395	38	215	40:25:15,55993	-3:32:42,36972	709
143	2018-10-03 	22:37:51	-2.63	22.03	17.49	8.395	38	215	40:25:15,5631	-3:32:42,36932	709
144	2018-10-03 	22:37:53	2.47	22.03	17.5	8.318	38	214	40:25:15,56645	-3:32:42,369	709
145	2018-10-03 	22:37:54	4.37	22.03	16.96	13.677	28	217	40:25:15,56717	-3:32:42,36893	709
146	2018-10-03 	22:37:55	4.27	22.03	16.96	13.677	17	215	40:25:15,56764	-3:32:42,36886	709
147	2018-10-03 	22:37:59	4.53	22.01	16.95	13.804	17	215	40:25:15,54402	-3:32:42,44824	709
148	2018-10-03 	22:38:00	4.53	22.01	16.95	13.804	17	215	40:25:15,53387	-3:32:42,47473	709
149	2018-10-03 	22:38:01	4.63	21.99	16.94	13.932	18	217	40:25:15,52087	-3:32:42,4986	709
150	2018-10-03 	22:38:02	4.75	22.01	16.95	13.804	16	213	40:25:15,51022	-3:32:42,52182	709
151	2018-10-03 	22:38:03	4.63	22.01	16.94	13.932	17	214	40:25:15,50208	-3:32:42,54562	709
152	2018-10-03 	22:38:04	4.63	22.01	16.94	13.932	16	213	40:25:15,50075	-3:32:42,57017	709
153	2018-10-03 	22:38:05	-9.27	21.95	18.04	5.058	69	205	40:25:15,50057	-3:32:42,59458	708
154	2018-10-03 	22:38:06	3.03	22.01	17.85	6.026	61	25	40:25:15,50395	-3:32:42,61448	709
155	2018-10-03 	22:38:07	2.99	22.01	17.33	9.727	23	55	40:25:15,50338	-3:32:42,60851	709
156	2018-10-03 	22:38:08	3.03	22.01	17.36	9.462	24	63	40:25:15,50824	-3:32:42,59922	709
157	2018-10-03 	22:38:09	2.99	21.99	17.36	9.462	24	62	40:25:15,51299	-3:32:42,58313	709
158	2018-10-03 	22:38:10	2.95	21.95	17.36	9.462	24	63	40:25:15,51536	-3:32:42,56405	709
159	2018-10-03 	22:38:11	3.07	21.99	17.36	9.462	24	62	40:25:15,51814	-3:32:42,54482	709
160	2018-10-03 	22:38:12	3.03	21.99	17.36	9.462	24	62	40:25:15,51857	-3:32:42,52344	709
161	2018-10-03 	22:38:13	3.03	22.01	17.36	9.462	24	62	40:25:15,52418	-3:32:42,50386	709
162	2018-10-03 	22:38:14	3.07	21.99	17.36	9.462	24	63	40:25:15,52624	-3:32:42,48398	709
163	2018-10-03 	22:38:16	3.07	21.95	17.36	9.462	24	61	40:25:15,54701	-3:32:42,4396	710
164	2018-10-03 	22:38:17	-2.27	21.95	17.36	9.462	40	61	40:25:15,55064	-3:32:42,43387	710
165	2018-10-03 	22:38:18	-2.59	21.93	17.72	6.792	42	61	40:25:15,54827	-3:32:42,43074	710
166	2018-10-03 	22:38:19	-2.67	21.95	17.73	6.73	42	61	40:25:15,54312	-3:32:42,42282	710
167	2018-10-03 	22:38:20	-3.03	21.99	17.73	6.73	43	61	40:25:15,53398	-3:32:42,41659	709
168	2018-10-03 	22:38:21	-3.11	21.95	17.76	6.546	43	61	40:25:15,5239	-3:32:42,41339	709
169	2018-10-03 	22:38:23	-3.19	21.95	17.76	6.546	43	62	40:25:15,50762	-3:32:42,40745	708
170	2018-10-03 	22:38:24	-3.11	21.93	17.76	6.546	43	63	40:25:15,50006	-3:32:42,40608	708
171	2018-10-03 	22:38:25	-3.15	21.93	17.76	6.546	43	64	40:25:15,49502	-3:32:42,40504	707
172	2018-10-03 	22:38:26	-3.15	21.93	17.76	6.546	43	63	40:25:15,49207	-3:32:42,40482	707
173	2018-10-03 	22:38:27	-3.15	21.91	17.76	6.546	43	63	40:25:15,4906	-3:32:42,40439	707
174	2018-10-03 	22:38:28	-9.15	21.95	17.84	6.081	63	61	40:25:15,49009	-3:32:42,40421	707
175	2018-10-03 	22:38:29	-9.19	21.95	18.02	5.152	63	61	40:25:15,4898	-3:32:42,4041	707
176	2018-10-03 	22:38:30	-9.27	21.91	18.02	5.152	63	60	40:25:15,48973	-3:32:42,4041	707
177	2018-10-03 	22:38:31	-9.19	21.93	18.02	5.152	63	60	40:25:15,4897	-3:32:42,40406	707
178	2018-10-03 	22:38:32	-9.23	21.91	18.01	5.2	63	61	40:25:15,48962	-3:32:42,4041	707
179	2018-10-03 	22:38:33	-9.15	21.93	18.02	5.152	63	61	40:25:15,48959	-3:32:42,40414	707
180	2018-10-03 	22:38:34	-9.19	21.91	18.02	5.152	63	61	40:25:15,48952	-3:32:42,40417	707
181	2018-10-03 	22:38:35	-9.19	21.91	18.02	5.152	63	61	40:25:15,48948	-3:32:42,40417	707
182	2018-10-03 	22:38:36	-9.15	21.89	18.02	5.152	63	61	40:25:15,48941	-3:32:42,40421	707
183	2018-10-03 	22:38:37	-9.23	21.89	18.02	5.152	63	61	40:25:15,48934	-3:32:42,40424	707
184	2018-10-03 	22:38:38	-9.23	21.89	18.02	5.152	80	71	40:25:15,48919	-3:32:42,40424	707
185	2018-10-03 	22:38:39	-9.23	21.89	18.1	4.786	80	71	40:25:15,48919	-3:32:42,40424	707
186	2018-10-03 	22:38:40	-9.23	21.89	18.09	4.831	80	69	40:25:15,4889	-3:32:42,40439	707
187	2018-10-03 	22:38:41	-9.23	21.89	18.09	4.831	80	69	40:25:15,48872	-3:32:42,40442	707
188	2018-10-03 	22:38:42	-9.23	21.89	18.09	4.831	80	67	40:25:15,48858	-3:32:42,4045	707
189	2018-10-03 	22:38:43	-9.23	21.89	18.1	4.786	80	69	40:25:15,48847	-3:32:42,40453	707
190	2018-10-03 	22:38:44	-9.23	21.89	18.1	4.786	81	69	40:25:15,48833	-3:32:42,4046	707
191	2018-10-03 	22:38:45	-9.23	21.89	18.1	4.786	80	69	40:25:15,48815	-3:32:42,40464	707
192	2018-10-03 	22:38:46	-9.23	21.89	18.1	4.786	80	68	40:25:15,48797	-3:32:42,40464	707
193	2018-10-03 	22:38:47	-9.23	21.89	18.1	4.786	80	70	40:25:15,48786	-3:32:42,40464	707
194	2018-10-03 	22:38:48	-9.23	21.89	18.1	4.786	84	161	40:25:15,48775	-3:32:42,40464	707
195	2018-10-03 	22:38:49	-9.23	21.89	18.05	5.012	78	213	40:25:15,48768	-3:32:42,40468	707
196	2018-10-03 	22:38:50	-9.23	21.89	18.05	5.012	78	213	40:25:15,48761	-3:32:42,40468	707
197	2018-10-03 	22:38:51	-9.23	21.89	18.05	5.012	78	213	40:25:15,48757	-3:32:42,40468	707
198	2018-10-03 	22:38:52	-9.23	21.89	18.05	5.012	78	213	40:25:15,48757	-3:32:42,40468	707
199	2018-10-03 	22:38:53	-9.23	21.89	18.05	5.012	78	214	40:25:15,48754	-3:32:42,40468	707
200	2018-10-03 	22:38:54	-9.23	21.89	18.05	5.012	78	212	40:25:15,48757	-3:32:42,40468	707
201	2018-10-03 	22:38:55	-9.23	21.89	18.05	5.012	78	213	40:25:15,48757	-3:32:42,40468	707
202	2018-10-03 	22:38:56	-9.23	21.89	18.05	5.012	78	213	40:25:15,48232	-3:32:42,39679	707
203	2018-10-03 	22:38:57	-9.23	21.89	18.05	5.012	78	214	40:25:15,47382	-3:32:42,40176	707
204	2018-10-03 	22:38:58	-9.23	21.89	18.05	5.012	78	213	40:25:15,48048	-3:32:42,41486	707
205	2018-10-03 	22:38:59	-9.45	21.83	18.02	5.152	59	229	40:25:15,47602	-3:32:42,42404	707
206	2018-10-03 	22:39:00	-9.45	21.83	17.83	6.138	60	230	40:25:15,47159	-3:32:42,43373	707
207	2018-10-03 	22:39:01	-9.45	21.83	17.83	6.138	60	230	40:25:15,47015	-3:32:42,43589	708
208	2018-10-03 	22:39:02	-9.45	21.83	17.83	6.138	59	229	40:25:15,47148	-3:32:42,44114	708
209	2018-10-03 	22:39:03	-9.45	21.81	17.83	6.138	59	230	40:25:15,47623	-3:32:42,44381	708
210	2018-10-03 	22:39:04	-9.45	21.81	17.83	6.138	60	230	40:25:15,48289	-3:32:42,44471	708
211	2018-10-03 	22:39:05	-9.49	21.81	17.83	6.138	60	230	40:25:15,49175	-3:32:42,44564	708
212	2018-10-03 	22:39:06	-9.45	21.79	17.83	6.138	59	229	40:25:15,50435	-3:32:42,44813	709
213	2018-10-03 	22:39:07	-9.45	21.81	17.83	6.138	59	230	40:25:15,51536	-3:32:42,45022	709
214	2018-10-03 	22:39:08	-9.41	21.79	17.83	6.138	59	230	40:25:15,51965	-3:32:42,45234	709
215	2018-10-03 	22:39:09	-3.75	21.79	17.83	6.138	39	238	40:25:15,52235	-3:32:42,45428	708
216	2018-10-03 	22:39:10	-3.71	21.77	17.39	9.204	39	237	40:25:15,5267	-3:32:42,45774	709
217	2018-10-03 	22:39:11	-3.67	21.77	17.39	9.204	39	237	40:25:15,5289	-3:32:42,45979	708
218	2018-10-03 	22:39:12	-3.39	21.77	17.38	9.29	39	237	40:25:15,53005	-3:32:42,46098	708
219	2018-10-03 	22:39:13	-3.35	21.77	17.36	9.462	39	237	40:25:15,53038	-3:32:42,46134	709
220	2018-10-03 	22:39:14	-3.31	21.77	17.39	9.204	39	237	40:25:15,53027	-3:32:42,46112	709
221	2018-10-03 	22:39:15	-3.27	21.77	17.36	9.462	38	237	40:25:15,53023	-3:32:42,46102	709
222	2018-10-03 	22:39:16	-3.27	21.73	17.36	9.462	38	236	40:25:15,5266	-3:32:42,46296	709
223	2018-10-03 	22:39:17	-3.23	21.79	17.36	9.462	38	236	40:25:15,52105	-3:32:42,46429	708
224	2018-10-03 	22:39:18	-3.23	21.77	17.36	9.462	38	237	40:25:15,52069	-3:32:42,47412	708
225	2018-10-03 	22:39:19	0.21	21.77	17.36	9.462	38	237	40:25:15,50885	-3:32:42,4748	708
226	2018-10-03 	22:39:20	3.79	21.77	16.85	15.136	17	241	40:25:15,49913	-3:32:42,46444	708
227	2018-10-03 	22:39:21	3.89	21.77	16.65	18.197	17	241	40:25:15,49247	-3:32:42,45076	708
228	2018-10-03 	22:39:22	4.07	21.73	16.63	18.535	17	241	40:25:15,49434	-3:32:42,43236	708
229	2018-10-03 	22:39:23	4.11	21.73	16.63	18.535	17	241	40:25:15,49859	-3:32:42,41537	708
230	2018-10-03 	22:39:24	4.11	21.77	16.62	18.707	17	241	40:25:15,49495	-3:32:42,39755	708
231	2018-10-03 	22:39:25	4.19	21.71	16.62	18.707	17	240	40:25:15,48811	-3:32:42,38851	709
232	2018-10-03 	22:39:26	4.23	21.77	16.54	20.137	17	241	40:25:15,4857	-3:32:42,38488	709
233	2018-10-03 	22:39:27	4.27	21.79	16.54	20.137	17	241	40:25:15,48293	-3:32:42,38243	709
234	2018-10-03 	22:39:28	4.27	21.71	16.61	18.88	17	241	40:25:15,48059	-3:32:42,37847	709
235	2018-10-03 	22:39:29	4.23	21.73	16.61	18.88	17	241	40:25:15,47605	-3:32:42,37307	708
236	2018-10-03 	22:39:30	-9.01	21.77	16.61	18.88	59	228	40:25:15,47393	-3:32:42,37069	708
237	2018-10-03 	22:39:31	-9.01	21.77	17.96	5.445	67	63	40:25:15,47047	-3:32:42,37058	708
238	2018-10-03 	22:39:32	2.95	21.73	17.97	5.395	27	75	40:25:15,46262	-3:32:42,37202	708
239	2018-10-03 	22:39:33	3.37	21.79	17.56	7.87	25	103	40:25:15,4587	-3:32:42,37393	708
240	2018-10-03 	22:39:34	3.29	21.73	17.64	7.311	24	103	40:25:15,45679	-3:32:42,37458	707
241	2018-10-03 	22:39:35	3.37	21.73	17.64	7.311	24	104	40:25:15,4564	-3:32:42,37739	707
242	2018-10-03 	22:39:36	3.29	21.73	17.64	7.311	24	103	40:25:15,456	-3:32:42,3794	707
243	2018-10-03 	22:39:37	3.29	21.73	17.63	7.379	24	103	40:25:15,45571	-3:32:42,38092	707
244	2018-10-03 	22:39:38	3.53	21.73	17.63	7.379	24	103	40:25:15,45582	-3:32:42,38182	707
245	2018-10-03 	22:39:39	3.53	21.73	17.63	7.379	24	103	40:25:15,45488	-3:32:42,3767	707
246	2018-10-03 	22:39:41	3.53	21.71	17.63	7.379	24	104	40:25:15,44804	-3:32:42,39596	707
247	2018-10-03 	22:39:42	3.59	21.73	17.63	7.379	24	103	40:25:15,4533	-3:32:42,39874	707
248	2018-10-03 	22:39:43	2.47	21.73	17.63	7.379	24	104	40:25:15,45564	-3:32:42,39931	707
249	2018-10-03 	22:39:44	-2.19	21.71	17.86	5.97	41	106	40:25:15,45611	-3:32:42,3974	707
250	2018-10-03 	22:39:45	-2.19	21.73	17.88	5.861	41	106	40:25:15,44822	-3:32:42,3902	707
251	2018-10-03 	22:39:46	-2.71	21.73	17.88	5.861	41	107	40:25:15,44704	-3:32:42,38516	707
252	2018-10-03 	22:39:47	-2.71	21.73	17.9	5.754	43	106	40:25:15,45928	-3:32:42,38527	707
253	2018-10-03 	22:39:48	-2.63	21.73	17.9	5.754	43	105	40:25:15,46975	-3:32:42,37577	707
254	2018-10-03 	22:39:49	-2.67	21.71	17.9	5.754	43	107	40:25:15,47983	-3:32:42,3667	708
255	2018-10-03 	22:39:50	-2.75	21.73	17.9	5.754	43	107	40:25:15,47375	-3:32:42,36464	708
256	2018-10-03 	22:39:51	-2.71	21.69	17.9	5.754	43	106	40:25:15,47202	-3:32:42,37667	708
257	2018-10-03 	22:39:52	-2.79	21.69	17.9	5.754	43	106	40:25:15,4722	-3:32:42,38797	708
258	2018-10-03 	22:39:53	-2.75	21.71	17.9	5.754	43	106	40:25:15,49816	-3:32:42,39643	708
259	2018-10-03 	22:39:54	-9.05	21.69	17.9	5.754	43	106	40:25:15,50489	-3:32:42,40082	708
260	2018-10-03 	22:39:55	-9.05	21.73	18.08	4.875	63	109	40:25:15,50507	-3:32:42,4072	708
261	2018-10-03 	22:39:56	-9.15	21.71	18.08	4.875	63	109	40:25:15,50327	-3:32:42,418	708
262	2018-10-03 	22:39:57	-9.11	21.69	18.08	4.875	63	108	40:25:15,50186	-3:32:42,43092	708
263	2018-10-03 	22:39:58	-9.19	21.69	18.08	4.875	63	108	40:25:15,50186	-3:32:42,43092	708
264	2018-10-03 	22:39:59	-9.11	21.69	18.08	4.875	63	109	40:25:15,48746	-3:32:42,44456	708
265	2018-10-03 	22:40:00	-9.11	21.69	18.08	4.875	63	108	40:25:15,47584	-3:32:42,44197	709
266	2018-10-03 	22:40:01	-9.05	21.69	18.08	4.875	63	109	40:25:15,4663	-3:32:42,44348	709
267	2018-10-03 	22:40:02	-9.11	21.69	18.08	4.875	63	108	40:25:15,45805	-3:32:42,44834	709
268	2018-10-03 	22:40:03	-9.11	21.69	18.08	4.875	63	110	40:25:15,46867	-3:32:42,45482	709
269	2018-10-03 	22:40:04	-9.11	21.69	18.08	4.875	63	108	40:25:15,47609	-3:32:42,4612	710
270	2018-10-03 	22:40:05	-9.11	21.69	18.12	4.699	80	113	40:25:15,48354	-3:32:42,46962	710
271	2018-10-03 	22:40:06	-9.11	21.69	18.12	4.699	80	116	40:25:15,48664	-3:32:42,47023	709
272	2018-10-03 	22:40:07	-9.11	21.69	18.12	4.699	80	116	40:25:15,49042	-3:32:42,47095	710
273	2018-10-03 	22:40:08	-9.11	21.69	18.12	4.699	80	116	40:25:15,48772	-3:32:42,47171	710
274	2018-10-03 	22:40:09	-9.11	21.69	18.12	4.699	80	117	40:25:15,48224	-3:32:42,47005	710
275	2018-10-03 	22:40:10	-9.11	21.69	18.13	4.656	80	116	40:25:15,48674	-3:32:42,47711	710
276	2018-10-03 	22:40:11	-9.11	21.69	18.12	4.699	80	117	40:25:15,48631	-3:32:42,48442	710
277	2018-10-03 	22:40:12	-9.11	21.69	18.12	4.699	80	116	40:25:15,47861	-3:32:42,4874	710
278	2018-10-03 	22:40:13	-9.11	21.69	18.12	4.699	80	115	40:25:15,47447	-3:32:42,48168	710
279	2018-10-03 	22:40:14	-9.11	21.69	18.12	4.699	80	115	40:25:15,47119	-3:32:42,48028	709
280	2018-10-03 	22:40:15	-9.11	21.69	18.06	4.966	85	125	40:25:15,46702	-3:32:42,47869	709
281	2018-10-03 	22:40:16	-9.11	21.69	18.03	5.105	78	245	40:25:15,46709	-3:32:42,48096	709
282	2018-10-03 	22:40:17	-9.11	21.69	18.04	5.058	79	245	40:25:15,4655	-3:32:42,48593	709
283	2018-10-03 	22:40:18	-9.11	21.69	18.03	5.105	79	245	40:25:15,46626	-3:32:42,4927	709
284	2018-10-03 	22:40:19	-9.11	21.69	18.03	5.105	78	244	40:25:15,46806	-3:32:42,49903	709
285	2018-10-03 	22:40:20	-9.11	21.69	18.03	5.105	78	245	40:25:15,46964	-3:32:42,50429	709
286	2018-10-03 	22:40:21	-9.11	21.69	18.03	5.105	78	243	40:25:15,4713	-3:32:42,50764	709
287	2018-10-03 	22:40:22	-9.11	21.69	18.03	5.105	78	243	40:25:15,47364	-3:32:42,50915	709
288	2018-10-03 	22:40:23	-9.11	21.69	18.03	5.105	78	243	40:25:15,47486	-3:32:42,5099	709
289	2018-10-03 	22:40:24	-9.11	21.69	18.03	5.105	78	244	40:25:15,47551	-3:32:42,51037	709
290	2018-10-03 	22:40:25	-9.71	21.61	18.03	5.105	78	244	40:25:15,47584	-3:32:42,51059	709
291	2018-10-03 	22:40:26	-9.71	21.61	17.8	6.31	60	257	40:25:15,47598	-3:32:42,51073	709
292	2018-10-03 	22:40:27	-9.75	21.61	17.8	6.31	60	258	40:25:15,47605	-3:32:42,5108	709
293	2018-10-03 	22:40:28	-9.71	21.59	17.8	6.31	60	257	40:25:15,47605	-3:32:42,51084	709
294	2018-10-03 	22:40:29	-9.57	21.61	17.8	6.31	60	258	40:25:15,47605	-3:32:42,5108	709
295	2018-10-03 	22:40:30	-9.57	21.61	17.8	6.31	60	257	40:25:15,47602	-3:32:42,5058	709
296	2018-10-03 	22:40:31	-9.57	21.59	17.8	6.31	60	257	40:25:15,48286	-3:32:42,50584	709
297	2018-10-03 	22:40:32	-9.71	21.61	17.8	6.31	60	258	40:25:15,48548	-3:32:42,49961	709
298	2018-10-03 	22:40:33	-9.61	21.59	17.8	6.31	60	257	40:25:15,4907	-3:32:42,50148	709
299	2018-10-03 	22:40:34	-9.61	21.59	17.8	6.31	60	257	40:25:15,49355	-3:32:42,50652	709
300	2018-10-03 	22:40:35	-4.29	21.59	17.8	6.31	60	257	40:25:15,4934	-3:32:42,50998	710
301	2018-10-03 	22:40:36	-4.09	21.59	17.35	9.55	43	258	40:25:15,48725	-3:32:42,51347	710
302	2018-10-03 	22:40:37	-3.95	21.57	17.35	9.55	40	262	40:25:15,48462	-3:32:42,51498	710
303	2018-10-03 	22:40:38	-3.71	21.57	17.34	9.638	40	262	40:25:15,48152	-3:32:42,5121	710
304	2018-10-03 	22:40:39	-3.59	21.59	17.32	9.817	39	263	40:25:15,48217	-3:32:42,51224	711
305	2018-10-03 	22:40:40	-3.47	21.57	17.32	9.817	39	263	40:25:15,48001	-3:32:42,51397	711
306	2018-10-03 	22:40:41	-3.51	21.59	17.3	10	38	265	40:25:15,48012	-3:32:42,51242	711
307	2018-10-03 	22:40:42	-3.43	21.57	17.3	10	38	265	40:25:15,48052	-3:32:42,51685	711
308	2018-10-03 	22:40:43	-3.39	21.59	17.3	10	38	265	40:25:15,48473	-3:32:42,5117	712
309	2018-10-03 	22:40:44	-3.35	21.57	17.3	10	38	265	40:25:15,48894	-3:32:42,51232	712
310	2018-10-03 	22:40:45	-3.35	21.57	17.3	10	38	265	40:25:15,49236	-3:32:42,50821	712
311	2018-10-03 	22:40:46	3.33	21.55	17.08	12.246	37	266	40:25:15,49664	-3:32:42,50407	712
312	2018-10-03 	22:40:47	3.33	21.57	16.64	18.365	18	268	40:25:15,50089	-3:32:42,50234	712
313	2018-10-03 	22:40:48	3.53	21.57	16.64	18.365	18	269	40:25:15,50539	-3:32:42,50278	712
314	2018-10-03 	22:40:49	3.55	21.59	16.62	18.707	18	269	40:25:15,50831	-3:32:42,50123	712
315	2018-10-03 	22:40:50	3.49	21.55	16.61	18.88	17	269	40:25:15,51616	-3:32:42,49306	711
316	2018-10-03 	22:40:51	3.53	21.59	16.62	18.707	17	269	40:25:15,52087	-3:32:42,47545	712
317	2018-10-03 	22:40:52	3.53	21.59	16.62	18.707	17	269	40:25:15,528	-3:32:42,459	712
318	2018-10-03 	22:40:53	3.71	21.61	16.61	18.88	18	269	40:25:15,53617	-3:32:42,44122	712
319	2018-10-03 	22:40:54	3.71	21.57	16.61	18.88	17	269	40:25:15,54834	-3:32:42,42354	712
320	2018-10-03 	22:40:55	3.63	21.57	16.61	18.88	17	269	40:25:15,56152	-3:32:42,40691	712
321	2018-10-03 	22:40:56	-7.65	21.57	16.61	18.88	17	270	40:25:15,56958	-3:32:42,38502	711
322	2018-10-03 	22:40:57	-7.65	21.57	17.81	6.252	56	274	40:25:15,58675	-3:32:42,36259	711
323	2018-10-03 	22:40:59	4.27	21.59	17.7	6.918	27	97	40:25:15,62131	-3:32:42,32447	711
324	2018-10-03 	22:41:00	4.37	21.59	17.76	6.546	23	145	40:25:15,63604	-3:32:42,30625	711
325	2018-10-03 	22:41:01	4.37	21.57	17.76	6.546	23	144	40:25:15,64831	-3:32:42,28915	712
326	2018-10-03 	22:41:02	4.37	21.57	17.76	6.546	23	144	40:25:15,6522	-3:32:42,27436	711
327	2018-10-03 	22:41:03	4.37	21.59	17.76	6.546	23	143	40:25:15,65638	-3:32:42,2628	711
328	2018-10-03 	22:41:05	4.53	21.59	17.76	6.546	23	142	40:25:15,6464	-3:32:42,29671	711
329	2018-10-03 	22:41:06	4.53	21.59	17.76	6.546	23	145	40:25:15,64165	-3:32:42,31345	711
330	2018-10-03 	22:41:07	4.59	21.57	17.76	6.546	23	145	40:25:15,63463	-3:32:42,32818	711
331	2018-10-03 	22:41:08	4.53	21.59	17.75	6.607	23	145	40:25:15,62084	-3:32:42,34146	711
332	2018-10-03 	22:41:09	4.59	21.59	17.75	6.607	23	145	40:25:15,60151	-3:32:42,3438	711
333	2018-10-03 	22:41:10	-1.39	21.61	17.78	6.427	22	146	40:25:15,582	-3:32:42,3397	711
334	2018-10-03 	22:41:11	-1.35	21.59	17.95	5.495	22	146	40:25:15,56569	-3:32:42,32832	711
335	2018-10-03 	22:41:12	-1.95	21.57	17.95	5.495	40	149	40:25:15,55108	-3:32:42,32515	711
336	2018-10-03 	22:41:13	-1.91	21.57	17.97	5.395	42	148	40:25:15,53596	-3:32:42,32155	710
337	2018-10-03 	22:41:14	-1.95	21.59	17.97	5.395	42	149	40:25:15,5213	-3:32:42,32155	710
338	2018-10-03 	22:41:15	-1.99	21.59	17.97	5.395	42	149	40:25:15,50906	-3:32:42,30949	710
339	2018-10-03 	22:41:17	-2.07	21.59	17.97	5.395	42	148	40:25:15,50006	-3:32:42,31738	710
340	2018-10-03 	22:41:19	-1.99	21.59	17.97	5.395	42	147	40:25:15,49513	-3:32:42,33278	710
341	2018-10-03 	22:41:20	-8.59	21.59	17.97	5.395	42	147	40:25:15,4924	-3:32:42,33761	711
342	2018-10-03 	22:41:21	-8.51	21.59	18.11	4.742	61	154	40:25:15,4924	-3:32:42,33761	711
343	2018-10-03 	22:41:22	-8.55	21.61	18.11	4.742	61	154	40:25:15,48588	-3:32:42,34546	710
344	2018-10-03 	22:41:24	-8.67	21.59	18.11	4.742	61	154	40:25:15,48595	-3:32:42,35924	711
345	2018-10-03 	22:41:25	-8.59	21.59	18.11	4.742	61	154	40:25:15,48282	-3:32:42,35986	711
346	2018-10-03 	22:41:26	-8.63	21.57	18.12	4.699	61	154	40:25:15,48336	-3:32:42,35528	712
347	2018-10-03 	22:41:27	-8.63	21.57	18.11	4.742	61	154	40:25:15,49157	-3:32:42,3622	711
348	2018-10-03 	22:41:28	-8.55	21.59	18.11	4.742	61	154	40:25:15,50298	-3:32:42,36734	711
349	2018-10-03 	22:41:29	-8.59	21.59	18.12	4.699	61	154	40:25:15,515	-3:32:42,37656	711
350	2018-10-03 	22:41:30	-8.59	21.59	18.12	4.699	61	154	40:25:15,5239	-3:32:42,38297	712
351	2018-10-03 	22:41:31	-8.59	21.59	18.14	4.613	76	160	40:25:15,53059	-3:32:42,3865	712
352	2018-10-03 	22:41:32	-8.59	21.59	18.14	4.613	79	165	40:25:15,53779	-3:32:42,39179	711
353	2018-10-03 	22:41:33	-8.59	21.59	18.14	4.613	79	166	40:25:15,53736	-3:32:42,40126	711
354	2018-10-03 	22:41:34	-8.59	21.59	18.14	4.613	79	163	40:25:15,53736	-3:32:42,40126	711
355	2018-10-03 	22:41:35	-8.59	21.59	18.14	4.613	79	165	40:25:15,52634	-3:32:42,41011	711
356	2018-10-03 	22:41:36	-8.59	21.59	18.14	4.613	79	165	40:25:15,52429	-3:32:42,41566	711
357	2018-10-03 	22:41:37	-8.59	21.59	18.14	4.613	79	165	40:25:15,52418	-3:32:42,4244	711
358	2018-10-03 	22:41:38	-8.59	21.59	18.14	4.613	79	165	40:25:15,52138	-3:32:42,42329	711
359	2018-10-03 	22:41:39	-8.59	21.59	18.14	4.613	79	164	40:25:15,51943	-3:32:42,41839	711
360	2018-10-03 	22:41:40	-8.59	21.59	18.14	4.613	79	166	40:25:15,51266	-3:32:42,41011	711
361	2018-10-03 	22:41:41	-8.59	21.59	18.13	4.656	79	165	40:25:15,51137	-3:32:42,40399	711
362	2018-10-03 	22:41:43	-8.59	21.59	18.05	5.012	80	289	40:25:15,50341	-3:32:42,40608	711
363	2018-10-03 	22:41:44	-8.59	21.59	18.05	5.012	80	289	40:25:15,50525	-3:32:42,40604	711
364	2018-10-03 	22:41:45	-8.59	21.59	18.04	5.058	80	290	40:25:15,5042	-3:32:42,40975	710
365	2018-10-03 	22:41:46	-8.59	21.59	18.04	5.058	80	291	40:25:15,49852	-3:32:42,4185	710
366	2018-10-03 	22:41:47	-8.59	21.59	18.04	5.058	80	290	40:25:15,50402	-3:32:42,41692	710
367	2018-10-03 	22:41:48	-8.59	21.59	18.04	5.058	80	291	40:25:15,51266	-3:32:42,41634	710
368	2018-10-03 	22:41:49	-8.59	21.59	18.04	5.058	80	291	40:25:15,5226	-3:32:42,4135	710
369	2018-10-03 	22:41:51	-9.75	21.57	18.04	5.058	80	292	40:25:15,53045	-3:32:42,4153	710
370	2018-10-03 	22:41:52	-9.71	21.55	17.82	6.194	61	300	40:25:15,53228	-3:32:42,41803	710
371	2018-10-03 	22:41:54	-9.71	21.55	17.82	6.194	61	299	40:25:15,53909	-3:32:42,41897	710
372	2018-10-03 	22:41:57	-9.61	21.53	17.82	6.194	60	300	40:25:15,53135	-3:32:42,40493	709
373	2018-10-03 	22:41:58	-9.71	21.53	17.82	6.194	60	300	40:25:15,52714	-3:32:42,39812	709
374	2018-10-03 	22:41:59	-9.67	21.55	17.82	6.194	60	301	40:25:15,53099	-3:32:42,3902	709
375	2018-10-03 	22:42:00	-9.71	21.53	17.82	6.194	61	301	40:25:15,5303	-3:32:42,37872	709
376	2018-10-03 	22:42:01	-7.95	21.53	17.82	6.194	61	299	40:25:15,52195	-3:32:42,37289	709
377	2018-10-03 	22:42:02	-4.29	21.49	17.49	8.395	49	296	40:25:15,52012	-3:32:42,3659	709
378	2018-10-03 	22:42:03	-4.17	21.53	17.41	9.036	40	299	40:25:15,5194	-3:32:42,36202	709
379	2018-10-03 	22:42:04	-4.13	21.53	17.4	9.12	40	298	40:25:15,52177	-3:32:42,35917	710
380	2018-10-03 	22:42:05	-3.91	21.49	17.39	9.204	39	297	40:25:15,5239	-3:32:42,35575	710
381	2018-10-03 	22:42:06	-4.01	21.49	17.38	9.29	40	300	40:25:15,52721	-3:32:42,35543	710
382	2018-10-03 	22:42:07	-3.79	21.49	17.38	9.29	39	302	40:25:15,52969	-3:32:42,35856	710
383	2018-10-03 	22:42:08	-3.71	21.55	17.38	9.29	39	302	40:25:15,52433	-3:32:42,36166	709
384	2018-10-03 	22:42:09	-3.79	21.53	17.38	9.29	39	302	40:25:15,51698	-3:32:42,36486	709
385	2018-10-03 	22:42:10	-3.83	21.49	17.38	9.29	39	302	40:25:15,51299	-3:32:42,37073	709
386	2018-10-03 	22:42:11	-3.75	21.49	17.38	9.29	39	302	40:25:15,51245	-3:32:42,37004	709
387	2018-10-03 	22:42:12	3.41	21.53	17.38	9.29	39	302	40:25:15,51245	-3:32:42,37004	709
388	2018-10-03 	22:42:13	3.37	21.49	16.83	15.417	19	306	40:25:15,51457	-3:32:42,37429	709
389	2018-10-03 	22:42:14	3.45	21.53	16.83	15.417	19	306	40:25:15,5158	-3:32:42,3749	709
390	2018-10-03 	22:42:15	3.45	21.55	16.83	15.417	19	306	40:25:15,51778	-3:32:42,3771	709
391	2018-10-03 	22:42:17	3.55	21.55	16.82	15.56	18	305	40:25:15,52094	-3:32:42,3816	709
392	2018-10-03 	22:42:18	3.55	21.53	16.82	15.56	18	304	40:25:15,52339	-3:32:42,37811	708
393	2018-10-03 	22:42:19	3.53	21.53	16.82	15.56	18	305	40:25:15,52426	-3:32:42,37516	709
394	2018-10-03 	22:42:20	3.53	21.53	16.82	15.56	18	305	40:25:15,52253	-3:32:42,36886	709
395	2018-10-03 	22:42:21	3.55	21.55	16.81	15.704	18	307	40:25:15,52102	-3:32:42,36547	709
396	2018-10-03 	22:42:22	-4.01	21.55	16.81	15.704	18	306	40:25:15,5185	-3:32:42,36594	709
397	2018-10-03 	22:42:23	-4.01	21.55	17.6	7.586	36	299	40:25:15,51655	-3:32:42,36328	709
398	2018-10-03 	22:42:25	5.23	21.55	17.78	6.427	29	153	40:25:15,51986	-3:32:42,3564	709
399	2018-10-03 	22:42:26	5.19	21.55	17.68	7.047	22	176	40:25:15,51986	-3:32:42,3564	709
400	2018-10-03 	22:42:27	5.23	21.57	17.68	7.047	23	177	40:25:15,52411	-3:32:42,34862	709
401	2018-10-03 	22:42:28	5.33	21.57	17.68	7.047	22	176	40:25:15,52472	-3:32:42,34672	708
402	2018-10-03 	22:42:29	5.51	21.53	17.68	7.047	22	176	40:25:15,52494	-3:32:42,34564	708
403	2018-10-03 	22:42:30	5.49	21.53	17.67	7.112	22	178	40:25:15,52505	-3:32:42,34506	708
404	2018-10-03 	22:42:32	5.51	21.55	17.68	7.047	22	178	40:25:15,52516	-3:32:42,34456	708
405	2018-10-03 	22:42:33	5.45	21.57	17.67	7.112	22	178	40:25:15,52519	-3:32:42,34445	708
406	2018-10-03 	22:42:34	5.41	21.55	17.68	7.047	22	179	40:25:15,52516	-3:32:42,34438	708
407	2018-10-03 	22:42:35	5.41	21.55	17.67	7.112	22	178	40:25:15,52516	-3:32:42,34434	708
408	2018-10-03 	22:42:36	-0.57	21.55	17.68	7.047	22	178	40:25:15,52512	-3:32:42,3443	708
409	2018-10-03 	22:42:37	-0.57	21.55	17.91	5.702	40	183	40:25:15,52512	-3:32:42,34427	708
410	2018-10-03 	22:42:38	-1.05	21.57	17.91	5.702	39	184	40:25:15,52512	-3:32:42,34423	708
411	2018-10-03 	22:42:39	-1.09	21.53	17.93	5.598	41	183	40:25:15,52512	-3:32:42,34423	708
412	2018-10-03 	22:42:40	-1.09	21.55	17.93	5.598	41	184	40:25:15,52508	-3:32:42,34423	708
413	2018-10-03 	22:42:41	-1.17	21.59	17.93	5.598	41	185	40:25:15,52508	-3:32:42,3442	708
414	2018-10-03 	22:42:42	-1.17	21.57	17.93	5.598	41	184	40:25:15,52508	-3:32:42,34416	708
415	2018-10-03 	22:42:43	-1.21	21.57	17.93	5.598	41	182	40:25:15,52508	-3:32:42,3442	708
416	2018-10-03 	22:42:44	-1.29	21.57	17.93	5.598	41	182	40:25:15,52508	-3:32:42,3442	708
417	2018-10-03 	22:42:45	-1.21	21.57	17.93	5.598	41	182	40:25:15,52512	-3:32:42,3442	708
418	2018-10-03 	22:42:46	-8.03	21.55	17.93	5.598	41	182	40:25:15,52516	-3:32:42,34416	708
419	2018-10-03 	22:42:47	-8.07	21.57	18.09	4.831	61	191	40:25:15,52516	-3:32:42,34416	708
420	2018-10-03 	22:42:49	-8.07	21.57	18.09	4.831	61	191	40:25:15,52523	-3:32:42,3442	708
421	2018-10-03 	22:42:50	-7.99	21.57	18.09	4.831	61	191	40:25:15,52526	-3:32:42,34423	708
422	2018-10-03 	22:42:51	-8.17	21.57	18.1	4.786	61	191	40:25:15,5253	-3:32:42,34427	708
423	2018-10-03 	22:42:52	-7.99	21.57	18.09	4.831	61	190	40:25:15,52534	-3:32:42,34434	708
424	2018-10-03 	22:42:53	-8.07	21.59	18.1	4.786	61	190	40:25:15,52537	-3:32:42,34438	708
425	2018-10-03 	22:42:54	-8.11	21.59	18.09	4.831	61	191	40:25:15,52537	-3:32:42,34445	708
426	2018-10-03 	22:42:55	-8.07	21.57	18.1	4.786	61	191	40:25:15,52544	-3:32:42,34445	708
427	2018-10-03 	22:42:56	-9.01	21.57	18.1	4.786	61	191	40:25:15,52552	-3:32:42,34448	708
428	2018-10-03 	22:42:57	-9.01	21.57	18.14	4.613	70	196	40:25:15,52555	-3:32:42,34456	708
429	2018-10-03 	22:42:58	-9.01	21.57	18.14	4.613	78	204	40:25:15,52559	-3:32:42,34459	708
430	2018-10-03 	22:42:59	-9.01	21.57	18.13	4.656	78	204	40:25:15,52566	-3:32:42,34459	708
431	2018-10-03 	22:43:00	-9.01	21.57	18.13	4.656	78	204	40:25:15,5257	-3:32:42,3447	708
432	2018-10-03 	22:43:01	-9.01	21.57	18.13	4.656	78	205	40:25:15,5257	-3:32:42,34477	708
433	2018-10-03 	22:43:03	-9.01	21.57	18.13	4.656	78	205	40:25:15,52577	-3:32:42,34484	708
434	2018-10-03 	22:43:04	-9.01	21.57	18.14	4.613	78	204	40:25:15,5258	-3:32:42,34488	708
435	2018-10-03 	22:43:05	-9.01	21.57	18.13	4.656	78	204	40:25:15,5258	-3:32:42,34488	708
436	2018-10-03 	22:43:06	-9.01	21.57	18.13	4.656	78	205	40:25:15,52724	-3:32:42,34607	709
437	2018-10-03 	22:43:07	-9.01	21.57	18.13	4.656	78	205	40:25:15,52832	-3:32:42,33926	709
438	2018-10-03 	22:43:08	-9.01	21.57	18.05	5.012	80	330	40:25:15,53106	-3:32:42,3411	709
439	2018-10-03 	22:43:09	-9.01	21.57	18.05	5.012	80	329	40:25:15,53092	-3:32:42,33653	709
440	2018-10-03 	22:43:10	-9.01	21.57	18.05	5.012	80	329	40:25:15,53624	-3:32:42,33646	709
441	2018-10-03 	22:43:11	-9.01	21.57	18.05	5.012	80	330	40:25:15,52678	-3:32:42,33548	709
442	2018-10-03 	22:43:12	-9.01	21.57	18.05	5.012	80	330	40:25:15,52339	-3:32:42,33318	709
443	2018-10-03 	22:43:13	-9.01	21.57	18.05	5.012	80	329	40:25:15,52415	-3:32:42,32828	709
444	2018-10-03 	22:43:14	-9.01	21.57	18.05	5.012	80	331	40:25:15,52804	-3:32:42,32378	709
445	2018-10-03 	22:43:15	-9.01	21.57	18.05	5.012	80	333	40:25:15,5307	-3:32:42,32137	709
446	2018-10-03 	22:43:16	-9.01	21.57	18.05	5.012	80	331	40:25:15,52843	-3:32:42,31781	709
447	2018-10-03 	22:43:17	-9.01	21.57	18.05	5.012	80	331	40:25:15,51896	-3:32:42,31414	709
448	2018-10-03 	22:43:18	-9.79	21.57	17.87	5.916	63	342	40:25:15,51346	-3:32:42,30902	709
449	2018-10-03 	22:43:19	-9.79	21.57	17.87	5.916	61	341	40:25:15,51436	-3:32:42,31496	709
450	2018-10-03 	22:43:20	-9.79	21.55	17.87	5.916	61	342	40:25:15,51814	-3:32:42,31705	709
451	2018-10-03 	22:43:21	-9.75	21.49	17.87	5.916	61	342	40:25:15,52534	-3:32:42,32065	709
452	2018-10-03 	22:43:23	-9.75	21.53	17.87	5.916	61	342	40:25:15,52199	-3:32:42,31853	709
453	2018-10-03 	22:43:24	-9.83	21.55	17.87	5.916	61	342	40:25:15,52987	-3:32:42,32036	709
454	2018-10-03 	22:43:25	-9.79	21.53	17.87	5.916	61	342	40:25:15,53138	-3:32:42,31442	709
455	2018-10-03 	22:43:26	-9.89	21.49	17.87	5.916	61	342	40:25:15,52325	-3:32:42,3164	709
456	2018-10-03 	22:43:27	-9.67	21.53	17.87	5.916	61	342	40:25:15,51871	-3:32:42,32188	709
457	2018-10-03 	22:43:28	-4.57	21.53	17.73	6.73	60	333	40:25:15,51605	-3:32:42,32648	709
458	2018-10-03 	22:43:29	-4.61	21.53	17.52	8.166	41	339	40:25:15,51421	-3:32:42,33203	710
459	2018-10-03 	22:43:30	-4.41	21.55	17.51	8.241	41	338	40:25:15,5132	-3:32:42,33534	709
460	2018-10-03 	22:43:31	-4.21	21.53	17.5	8.318	41	337	40:25:15,51266	-3:32:42,33847	709
461	2018-10-03 	22:43:32	-4.21	21.53	17.5	8.318	41	339	40:25:15,5122	-3:32:42,34103	709
462	2018-10-03 	22:43:33	-4.25	21.53	17.5	8.318	41	338	40:25:15,51245	-3:32:42,3433	709
463	2018-10-03 	22:43:35	-4.09	21.55	17.49	8.395	40	342	40:25:15,52429	-3:32:42,31838	709
464	2018-10-03 	22:43:36	-4.17	21.55	17.49	8.395	40	341	40:25:15,53578	-3:32:42,29927	709
465	2018-10-03 	22:43:37	-4.17	21.53	17.49	8.395	40	341	40:25:15,54784	-3:32:42,27954	709
466	2018-10-03 	22:43:38	2.95	21.53	17.49	8.395	40	342	40:25:15,56134	-3:32:42,25733	709
467	2018-10-03 	22:43:39	2.89	21.49	16.91	14.322	20	341	40:25:15,57314	-3:32:42,25027	709
468	2018-10-03 	22:43:40	2.95	21.49	16.91	14.322	20	340	40:25:15,58045	-3:32:42,2372	709
469	2018-10-03 	22:43:41	3.07	21.49	16.9	14.454	20	341	40:25:15,58664	-3:32:42,23879	709
470	2018-10-03 	22:43:42	3.07	21.53	16.88	14.723	19	342	40:25:15,58985	-3:32:42,22853	709
471	2018-10-03 	22:43:43	3.03	21.53	16.88	14.723	19	342	40:25:15,58744	-3:32:42,22367	709
472	2018-10-03 	22:43:44	3.11	21.53	16.88	14.723	19	341	40:25:15,59395	-3:32:42,23404	709
473	2018-10-03 	22:43:45	3.07	21.53	16.88	14.723	19	341	40:25:15,59852	-3:32:42,23976	709
474	2018-10-03 	22:43:46	3.07	21.49	16.88	14.723	19	340	40:25:15,60367	-3:32:42,24534	710
475	2018-10-03 	22:43:47	3.15	21.53	16.88	14.723	19	342	40:25:15,60389	-3:32:42,24847	710
476	2018-10-03 	22:43:48	-1.75	21.53	16.87	14.859	19	343	40:25:15,60713	-3:32:42,24318	710
477	2018-10-03 	22:43:49	-1.75	21.53	17.51	8.241	37	339	40:25:15,61948	-3:32:42,24862	710
478	2018-10-03 	22:43:50	0.29	21.53	18.13	4.656	86	300	40:25:15,62628	-3:32:42,25369	711
479	2018-10-03 	22:43:51	4.23	21.53	17.78	6.427	40	182	40:25:15,63478	-3:32:42,2637	711
480	2018-10-03 	22:43:52	3.23	21.55	17.73	6.73	24	137	40:25:15,64079	-3:32:42,2633	711
481	2018-10-03 	22:43:53	3.49	21.55	17.28	10.186	24	61	40:25:15,64468	-3:32:42,26251	711
482	2018-10-03 	22:43:54	3.37	21.53	17.26	10.375	22	356	40:25:15,64802	-3:32:42,26309	711
