# 	19.8	T IR	T Sens	Mag  	Hz   	Alt	Azi  	Lat    	Lon   	SL m
1	2019-02-05 	21:21:05	20.11	27.11	13.21	433	83	248	0	0	0
2	2019-02-05 	21:21:06	20.49	27.11	13.38	370	27	19	0	0	0
3	2019-02-05 	21:21:07	20.55	27.11	14.05	200	27	20	0	0	0
4	2019-02-05 	21:21:08	20.51	27.15	14.23	169	26	20	0	0	0
5	2019-02-05 	21:21:09	21.01	27.11	14.29	160	26	21	0	0	0
6	2019-02-05 	21:21:10	21.51	27.11	14.55	126	26	19	0	0	0
7	2019-02-05 	21:21:11	21.37	27.09	14.59	121	27	21	0	0	0
8	2019-02-05 	21:21:12	20.31	27.15	14.1	191	27	20	0	0	0
9	2019-02-05 	21:21:13	20.27	27.11	14.58	122	27	20	0	0	0
10	2019-02-05 	21:21:14	20.33	27.15	14.9	91.201	27	20	0	0	0
11	2019-02-05 	21:21:16	20.17	27.11	14.07	196	36	12	0	0	0
12	2019-02-05 	21:21:17	20.17	27.11	13.97	215	36	11	0	0	0
13	2019-02-05 	21:21:18	20.21	27.09	13.95	219	36	12	0	0	0
14	2019-02-05 	21:21:19	20.21	27.15	14.05	200	36	12	0	0	0
15	2019-02-05 	21:21:20	20.17	27.11	14.48	134	35	12	0	0	0
16	2019-02-05 	21:21:21	20.15	27.11	14.24	167	36	11	0	0	0
17	2019-02-05 	21:21:22	20.11	27.15	14.26	164	36	12	0	0	0
18	2019-02-05 	21:21:23	20.17	27.15	13.84	242	35	10	0	0	0
19	2019-02-05 	21:21:24	20.17	27.15	13.84	242	36	11	0	0	0
20	2019-02-05 	21:21:27	19.87	27.17	13.53	322	61	357	0	0	0
21	2019-02-05 	21:21:28	19.79	27.17	13.66	286	60	357	0	0	0
22	2019-02-05 	21:21:29	19.87	27.17	14.07	196	60	357	0	0	0
23	2019-02-05 	21:21:30	19.71	27.17	14.09	192	60	355	0	0	0
24	2019-02-05 	21:21:31	19.87	27.17	14.11	189	59	356	0	0	0
25	2019-02-05 	21:21:32	19.89	27.19	14.21	172	59	355	0	0	0
26	2019-02-05 	21:21:33	19.89	27.19	13.98	213	59	356	0	0	0
27	2019-02-05 	21:21:34	19.93	27.19	13.66	286	60	357	0	0	0
28	2019-02-05 	21:21:35	19.87	27.19	13.54	319	59	356	0	0	0
29	2019-02-05 	21:21:36	19.79	27.17	13.59	305	74	5	0	0	0
30	2019-02-05 	21:21:37	19.71	27.21	13.47	340	76	331	0	0	0
31	2019-02-05 	21:21:38	19.63	27.17	13.23	425	76	330	0	0	0
32	2019-02-05 	21:21:39	19.71	27.19	13.54	319	76	330	0	0	0
33	2019-02-05 	21:21:40	19.71	27.19	13.97	215	76	329	0	0	0
34	2019-02-05 	21:21:41	19.71	27.21	13.89	231	77	330	0	0	0
35	2019-02-05 	21:21:42	19.63	27.19	13.61	299	76	329	0	0	0
36	2019-02-05 	21:21:43	19.63	27.23	13.36	377	76	328	0	0	0
37	2019-02-05 	21:21:44	19.63	27.21	13.26	413	76	329	0	0	0
38	2019-02-05 	21:21:45	19.63	27.21	13.23	425	76	330	0	0	0
39	2019-02-05 	21:21:46	19.71	27.21	13.33	387	76	328	0	0	0
40	2019-02-05 	21:21:50	19.51	27.21	13.59	305	77	224	0	0	0
41	2019-02-05 	21:21:51	19.51	27.23	13.51	328	77	223	0	0	0
42	2019-02-05 	21:21:52	19.55	27.23	13.39	366	77	223	0	0	0
43	2019-02-05 	21:21:53	19.55	27.23	13.07	492	77	223	0	0	0
44	2019-02-05 	21:21:54	19.51	27.23	12.94	555	77	223	0	0	0
45	2019-02-05 	21:21:55	19.55	27.23	13.13	466	77	223	0	0	0
46	2019-02-05 	21:21:56	19.55	27.25	13.17	449	77	223	0	0	0
47	2019-02-05 	21:21:57	19.47	27.21	13.71	273	62	202	0	0	0
48	2019-02-05 	21:21:58	19.55	27.25	13.35	380	61	202	0	0	0
49	2019-02-05 	21:21:59	19.47	27.25	13.26	413	61	202	0	0	0
50	2019-02-05 	21:22:00	19.51	27.25	13.09	483	61	202	0	0	0
51	2019-02-05 	21:22:01	19.41	27.21	12.81	625	61	202	0	0	0
52	2019-02-05 	21:22:04	19.45	27.23	12.84	608	61	201	0	0	0
53	2019-02-05 	21:22:06	19.47	27.25	13.3	398	62	202	0	0	0
54	2019-02-05 	21:22:07	19.57	27.25	13.37	373	43	198	0	0	0
55	2019-02-05 	21:22:08	19.61	27.25	13	525	43	198	0	0	0
56	2019-02-05 	21:22:09	19.57	27.25	12.73	673	43	198	0	0	0
57	2019-02-05 	21:22:10	19.55	27.25	12.56	787	44	198	0	0	0
58	2019-02-05 	21:22:11	19.55	27.23	12.47	855	44	198	0	0	0
59	2019-02-05 	21:22:12	19.51	27.23	12.48	847	43	198	0	0	0
60	2019-02-05 	21:22:13	19.55	27.23	12.61	752	43	198	0	0	0
61	2019-02-05 	21:22:14	19.57	27.25	12.82	619	43	198	0	0	0
62	2019-02-05 	21:22:15	19.57	27.23	12.98	535	44	198	0	0	0
63	2019-02-05 	21:22:16	19.61	27.25	13.01	520	44	198	0	0	0
64	2019-02-05 	21:22:17	19.67	27.25	12.92	565	28	194	0	0	0
65	2019-02-05 	21:22:18	19.73	27.23	12.76	655	23	199	0	0	0
66	2019-02-05 	21:22:19	19.83	27.25	12.64	731	23	199	0	0	0
67	2019-02-05 	21:22:21	19.83	27.23	12.86	597	23	199	0	0	0
68	2019-02-05 	21:22:22	19.73	27.21	13.06	497	22	199	0	0	0
69	2019-02-05 	21:22:23	19.77	27.23	13.19	441	23	199	0	0	0
70	2019-02-05 	21:22:24	19.83	27.25	13.16	453	23	199	0	0	0
71	2019-02-05 	21:22:25	19.87	27.23	12.89	581	23	199	0	0	0
72	2019-02-05 	21:22:26	19.71	27.23	12.71	685	23	199	0	0	0
73	2019-02-05 	21:22:27	19.77	27.23	12.63	738	22	199	0	0	0
74	2019-02-05 	21:22:29	20.23	27.23	13.68	281	27	5	0	0	0
75	2019-02-05 	21:22:30	20.11	27.23	14.5	132	27	43	0	0	0
76	2019-02-05 	21:22:31	20.21	27.21	14.44	139	27	43	0	0	0
77	2019-02-05 	21:22:32	20.17	27.23	14.16	180	27	42	0	0	0
78	2019-02-05 	21:22:33	20.21	27.21	14.12	187	28	42	0	0	0
79	2019-02-05 	21:22:34	20.17	27.23	14.19	175	28	42	0	0	0
80	2019-02-05 	21:22:35	20.21	27.25	14.41	143	28	42	0	0	0
81	2019-02-05 	21:22:36	20.17	27.23	14.58	122	27	43	0	0	0
82	2019-02-05 	21:22:37	20.17	27.27	14.24	167	27	43	0	0	0
83	2019-02-05 	21:22:38	20.17	27.25	14.41	143	28	42	0	0	0
84	2019-02-05 	21:22:39	20.23	27.25	14.13	185	28	43	0	0	0
85	2019-02-05 	21:22:40	20.15	27.25	14.13	185	36	29	0	0	0
86	2019-02-05 	21:22:41	20.11	27.23	14.03	203	35	36	0	0	0
87	2019-02-05 	21:22:42	20.09	27.25	13.93	223	36	35	0	0	0
88	2019-02-05 	21:22:44	20.15	27.27	14.37	149	36	36	0	0	0
89	2019-02-05 	21:22:45	20.05	27.27	14.4	145	35	36	0	0	0
90	2019-02-05 	21:22:46	20.01	27.25	14.27	163	35	35	0	0	0
91	2019-02-05 	21:22:47	20.01	27.27	14.32	156	35	36	0	0	0
92	2019-02-05 	21:22:48	20.01	27.25	13.87	236	36	36	0	0	0
93	2019-02-05 	21:22:49	19.99	27.27	14.03	203	36	36	0	0	0
94	2019-02-05 	21:22:50	20.01	27.25	13.94	221	33	46	0	0	0
95	2019-02-05 	21:22:51	19.71	27.23	13.69	278	60	18	0	0	0
96	2019-02-05 	21:22:52	19.71	27.27	13.45	347	60	18	0	0	0
97	2019-02-05 	21:22:53	19.71	27.25	13.54	319	60	17	0	0	0
98	2019-02-05 	21:22:54	19.77	27.25	14.18	177	60	19	0	0	0
99	2019-02-05 	21:22:56	19.67	27.25	14.41	143	59	17	0	0	0
100	2019-02-05 	21:22:57	19.71	27.27	14.32	156	60	19	0	0	0
101	2019-02-05 	21:22:58	19.83	27.23	14.12	187	59	17	0	0	0
102	2019-02-05 	21:22:59	20.09	27.25	13.5	331	60	18	0	0	0
103	2019-02-05 	21:23:00	20.83	27.27	13.55	316	60	17	0	0	0
104	2019-02-05 	21:23:01	20.31	27.25	13.51	328	78	347	0	0	0
105	2019-02-05 	21:23:02	20.43	27.27	13.25	417	78	348	0	0	0
106	2019-02-05 	21:23:03	20.33	27.25	13.38	370	78	346	0	0	0
107	2019-02-05 	21:23:04	20.37	27.27	13.81	249	78	347	0	0	0
108	2019-02-05 	21:23:05	20.09	27.27	13.98	213	78	347	0	0	0
109	2019-02-05 	21:23:08	19.63	27.27	13.42	356	78	348	0	0	0
110	2019-02-05 	21:23:09	19.61	27.25	13.35	380	78	347	0	0	0
111	2019-02-05 	21:23:10	19.63	27.25	13.29	402	78	348	0	0	0
112	2019-02-05 	21:23:11	19.55	27.27	13.21	433	78	348	0	0	0
113	2019-02-05 	21:23:12	19.51	27.27	13.12	470	78	238	0	0	0
114	2019-02-05 	21:23:13	19.57	27.25	13.42	356	78	237	0	0	0
115	2019-02-05 	21:23:14	19.55	27.29	13.71	273	78	237	0	0	0
116	2019-02-05 	21:23:15	19.57	27.29	13.64	291	78	237	0	0	0
117	2019-02-05 	21:23:16	19.57	27.27	13.45	347	78	239	0	0	0
118	2019-02-05 	21:23:17	19.51	27.27	13.73	268	78	237	0	0	0
119	2019-02-05 	21:23:18	19.57	27.31	13.3	398	78	238	0	0	0
120	2019-02-05 	21:23:19	19.55	27.27	13.22	429	78	237	0	0	0
121	2019-02-05 	21:23:20	19.55	27.29	13.03	511	78	237	0	0	0
122	2019-02-05 	21:23:21	19.51	27.27	13.02	515	61	215	0	0	0
123	2019-02-05 	21:23:22	19.51	27.29	12.96	545	61	215	0	0	0
124	2019-02-05 	21:23:23	19.45	27.29	13.19	441	61	215	0	0	0
125	2019-02-05 	21:23:24	19.47	27.29	13.19	441	61	215	0	0	0
126	2019-02-05 	21:23:25	19.39	27.29	13.4	363	61	216	0	0	0
127	2019-02-05 	21:23:26	19.47	27.29	13.51	328	61	215	0	0	0
128	2019-02-05 	21:23:27	19.55	27.27	13.63	294	61	215	0	0	0
129	2019-02-05 	21:23:28	19.51	27.29	13.5	331	61	215	0	0	0
130	2019-02-05 	21:23:29	19.47	27.29	13.48	337	61	215	0	0	0
131	2019-02-05 	21:23:32	19.57	27.29	12.99	530	42	211	0	0	0
132	2019-02-05 	21:23:33	19.55	27.27	12.99	530	42	211	0	0	0
133	2019-02-05 	21:23:34	19.57	27.27	13.09	483	42	210	0	0	0
134	2019-02-05 	21:23:35	19.57	27.27	13.14	461	42	210	0	0	0
135	2019-02-05 	21:23:36	19.57	27.29	13.43	353	42	210	0	0	0
136	2019-02-05 	21:23:37	19.61	27.29	13.53	322	42	211	0	0	0
137	2019-02-05 	21:23:38	19.61	27.27	13.56	313	42	211	0	0	0
138	2019-02-05 	21:23:39	19.63	27.27	13.59	305	42	210	0	0	0
139	2019-02-05 	21:23:40	19.63	27.29	13.23	425	42	211	0	0	0
140	2019-02-05 	21:23:41	19.61	27.29	13.18	445	40	208	0	0	0
141	2019-02-05 	21:23:42	19.71	27.25	13.13	466	21	211	0	0	0
142	2019-02-05 	21:23:43	19.71	27.25	13.22	429	21	211	0	0	0
143	2019-02-05 	21:23:44	19.73	27.25	13.29	402	21	211	0	0	0
144	2019-02-05 	21:23:45	19.83	27.25	13.31	394	21	211	0	0	0
145	2019-02-05 	21:23:46	19.79	27.27	13.51	328	21	211	0	0	0
146	2019-02-05 	21:23:47	19.73	27.29	13.7	275	21	211	0	0	0
147	2019-02-05 	21:23:48	19.71	27.25	13.56	313	21	211	0	0	0
148	2019-02-05 	21:23:49	19.73	27.27	13.54	319	21	211	0	0	0
149	2019-02-05 	21:23:50	19.79	27.25	13.31	394	21	211	0	0	0
150	2019-02-05 	21:23:51	19.73	27.27	13.3	398	21	211	0	0	0
151	2019-02-05 	21:23:52	19.51	27.25	13.23	425	67	216	0	0	0
152	2019-02-05 	21:23:53	20.15	27.23	12.99	530	35	32	0	0	0
153	2019-02-05 	21:23:54	20.27	27.25	14.58	122	29	61	0	0	0
154	2019-02-05 	21:23:55	20.45	27.23	14.23	169	28	62	0	0	0
155	2019-02-05 	21:23:56	20.81	27.25	14.03	203	28	61	0	0	0
156	2019-02-05 	21:23:57	21.67	27.25	13.88	233	29	61	0	0	0
157	2019-02-05 	21:23:58	20.77	27.27	13.64	291	28	62	0	0	0
158	2019-02-05 	21:23:59	20.37	27.27	13.7	275	28	62	0	0	0
159	2019-02-05 	21:24:00	20.33	27.27	13.66	286	29	62	0	0	0
160	2019-02-05 	21:24:02	20.27	27.27	14.33	154	28	61	0	0	0
161	2019-02-05 	21:24:03	20.37	27.27	14.23	169	28	62	0	0	0
162	2019-02-05 	21:24:04	20.37	27.27	14.04	201	31	59	0	0	0
163	2019-02-05 	21:24:05	20.15	27.27	14.08	194	31	59	0	0	0
164	2019-02-05 	21:24:06	20.11	27.27	13.5	331	37	56	0	0	0
165	2019-02-05 	21:24:07	20.05	27.23	13.57	310	37	56	0	0	0
166	2019-02-05 	21:24:08	20.11	27.25	13.45	347	37	56	0	0	0
167	2019-02-05 	21:24:09	20.09	27.27	13.49	334	36	57	0	0	0
168	2019-02-05 	21:24:10	20.15	27.25	13.73	268	36	56	0	0	0
169	2019-02-05 	21:24:11	20.09	27.25	13.99	211	36	57	0	0	0
170	2019-02-05 	21:24:12	20.11	27.25	14.17	179	36	57	0	0	0
171	2019-02-05 	21:24:13	20.11	27.27	13.61	299	37	56	0	0	0
172	2019-02-05 	21:24:14	20.09	27.27	13.86	238	36	56	0	0	0
173	2019-02-05 	21:24:15	19.67	27.25	13.47	340	60	40	0	0	0
174	2019-02-05 	21:24:16	19.77	27.27	13.24	421	60	40	0	0	0
175	2019-02-05 	21:24:17	19.77	27.27	13.26	413	60	40	0	0	0
176	2019-02-05 	21:24:18	19.73	27.29	13.32	391	60	40	0	0	0
177	2019-02-05 	21:24:19	19.73	27.29	13.5	331	60	40	0	0	0
178	2019-02-05 	21:24:20	19.73	27.25	13.97	215	60	40	0	0	0
179	2019-02-05 	21:24:22	19.73	27.29	13.84	242	60	40	0	0	0
180	2019-02-05 	21:24:23	19.73	27.27	13.62	296	61	40	0	0	0
181	2019-02-05 	21:24:25	19.57	27.31	13.24	421	78	13	0	0	0
182	2019-02-05 	21:24:26	19.57	27.29	13.21	433	78	14	0	0	0
183	2019-02-05 	21:24:27	19.57	27.27	13.15	457	78	14	0	0	0
184	2019-02-05 	21:24:28	19.61	27.29	13.22	429	78	14	0	0	0
185	2019-02-05 	21:24:29	19.61	27.27	13.23	425	78	14	0	0	0
186	2019-02-05 	21:24:30	19.57	27.29	13.68	281	78	12	0	0	0
187	2019-02-05 	21:24:32	19.57	27.27	13.91	227	78	12	0	0	0
188	2019-02-05 	21:24:33	19.57	27.27	13.89	231	78	16	0	0	0
189	2019-02-05 	21:24:34	19.57	27.31	13.42	356	78	13	0	0	0
190	2019-02-05 	21:24:35	19.45	27.27	13.42	356	78	13	0	0	0
191	2019-02-05 	21:24:36	19.57	27.29	13.38	370	77	248	0	0	0
192	2019-02-05 	21:24:37	19.47	27.27	13.18	445	78	249	0	0	0
193	2019-02-05 	21:24:38	19.57	27.31	13.13	466	77	246	0	0	0
194	2019-02-05 	21:24:39	19.57	27.31	13.13	466	78	248	0	0	0
195	2019-02-05 	21:24:40	19.51	27.29	13.31	394	77	249	0	0	0
196	2019-02-05 	21:24:41	19.55	27.29	13.45	347	78	249	0	0	0
197	2019-02-05 	21:24:42	19.57	27.33	13.6	302	78	249	0	0	0
198	2019-02-05 	21:24:43	19.51	27.29	13.83	244	78	248	0	0	0
199	2019-02-05 	21:24:44	19.61	27.31	13.6	302	78	247	0	0	0
200	2019-02-05 	21:24:45	19.57	27.31	13.37	373	61	230	0	0	0
201	2019-02-05 	21:24:46	19.63	27.31	13.41	360	61	230	0	0	0
202	2019-02-05 	21:24:47	19.55	27.31	13.23	425	61	229	0	0	0
203	2019-02-05 	21:24:48	19.55	27.31	13.19	441	62	230	0	0	0
204	2019-02-05 	21:24:49	19.57	27.33	13.2	437	62	230	0	0	0
205	2019-02-05 	21:24:50	19.55	27.31	13.34	384	61	229	0	0	0
206	2019-02-05 	21:24:51	19.55	27.31	13.77	258	62	229	0	0	0
207	2019-02-05 	21:24:52	19.57	27.33	13.73	268	62	230	0	0	0
208	2019-02-05 	21:24:53	19.55	27.31	13.91	227	62	229	0	0	0
209	2019-02-05 	21:24:54	19.55	27.31	13.54	319	61	229	0	0	0
210	2019-02-05 	21:24:55	19.57	27.31	13.56	313	56	222	0	0	0
211	2019-02-05 	21:24:56	19.61	27.31	13.53	322	43	225	0	0	0
212	2019-02-05 	21:24:57	19.61	27.29	13.46	344	43	225	0	0	0
213	2019-02-05 	21:24:58	19.57	27.31	13.48	337	43	225	0	0	0
214	2019-02-05 	21:24:59	19.61	27.31	14.02	205	43	226	0	0	0
215	2019-02-05 	21:25:00	19.61	27.31	14.04	201	43	226	0	0	0
216	2019-02-05 	21:25:01	19.71	27.27	14.05	200	43	226	0	0	0
217	2019-02-05 	21:25:02	19.61	27.29	13.6	302	43	225	0	0	0
218	2019-02-05 	21:25:03	19.67	27.33	13.5	331	43	225	0	0	0
219	2019-02-05 	21:25:04	19.67	27.29	13.51	328	43	225	0	0	0
220	2019-02-05 	21:25:05	19.63	27.29	13.46	344	43	225	0	0	0
221	2019-02-05 	21:25:06	19.87	27.29	13.67	283	23	225	0	0	0
222	2019-02-05 	21:25:07	19.79	27.31	13.46	344	23	226	0	0	0
223	2019-02-05 	21:25:08	19.87	27.27	13.83	244	23	225	0	0	0
224	2019-02-05 	21:25:09	19.89	27.29	13.84	242	23	225	0	0	0
225	2019-02-05 	21:25:10	19.93	27.29	13.57	310	23	226	0	0	0
226	2019-02-05 	21:25:11	19.93	27.27	13.46	344	23	225	0	0	0
227	2019-02-05 	21:25:13	19.93	27.29	13.4	363	23	225	0	0	0
228	2019-02-05 	21:25:14	19.83	27.29	13.42	356	23	225	0	0	0
229	2019-02-05 	21:25:15	19.89	27.29	13.49	334	23	226	0	0	0
230	2019-02-05 	21:25:16	19.57	27.29	13.6	302	60	227	0	0	0
231	2019-02-05 	21:25:17	20.09	27.27	13.85	240	20	81	0	0	0
232	2019-02-05 	21:25:18	20.37	27.29	14.25	166	26	82	0	0	0
233	2019-02-05 	21:25:20	20.37	27.29	13.31	394	26	81	0	0	0
234	2019-02-05 	21:25:21	20.37	27.27	13.24	421	26	81	0	0	0
235	2019-02-05 	21:25:22	20.37	27.29	13.05	501	26	82	0	0	0
236	2019-02-05 	21:25:23	20.37	27.29	13.04	506	26	81	0	0	0
237	2019-02-05 	21:25:24	20.33	27.29	13.16	453	26	81	0	0	0
238	2019-02-05 	21:25:25	20.33	27.27	13.44	350	26	82	0	0	0
239	2019-02-05 	21:25:26	20.39	27.29	13.81	249	27	81	0	0	0
240	2019-02-05 	21:25:27	20.37	27.27	13.84	242	26	81	0	0	0
241	2019-02-05 	21:25:28	20.37	27.27	13.43	353	27	81	0	0	0
242	2019-02-05 	21:25:29	20.21	27.29	13.3	398	36	77	0	0	0
243	2019-02-05 	21:25:30	20.21	27.29	13.27	409	35	77	0	0	0
244	2019-02-05 	21:25:31	20.23	27.29	12.99	530	35	77	0	0	0
245	2019-02-05 	21:25:33	20.27	27.29	12.87	592	35	78	0	0	0
246	2019-02-05 	21:25:34	20.23	27.25	12.99	530	35	78	0	0	0
247	2019-02-05 	21:25:35	20.17	27.29	13.07	492	35	78	0	0	0
248	2019-02-05 	21:25:37	20.21	27.29	13.69	278	36	77	0	0	0
249	2019-02-05 	21:25:38	20.23	27.29	13.61	299	35	78	0	0	0
250	2019-02-05 	21:25:39	19.71	27.29	13.11	474	60	62	0	0	0
251	2019-02-05 	21:25:40	19.73	27.31	13.04	506	60	62	0	0	0
252	2019-02-05 	21:25:41	19.73	27.27	12.98	535	60	62	0	0	0
253	2019-02-05 	21:25:43	19.73	27.31	12.88	586	60	62	0	0	0
254	2019-02-05 	21:25:44	19.71	27.29	13.06	497	60	62	0	0	0
255	2019-02-05 	21:25:45	19.73	27.29	13.15	457	60	62	0	0	0
256	2019-02-05 	21:25:46	19.77	27.31	13.4	363	60	62	0	0	0
257	2019-02-05 	21:25:47	19.71	27.29	13.67	283	60	62	0	0	0
258	2019-02-05 	21:25:48	19.73	27.29	13.66	286	60	63	0	0	0
259	2019-02-05 	21:25:49	19.47	27.31	13.19	441	60	63	0	0	0
260	2019-02-05 	21:25:50	19.45	27.31	13.24	421	79	35	0	0	0
261	2019-02-05 	21:25:51	19.47	27.29	13.17	449	79	34	0	0	0
262	2019-02-05 	21:25:52	19.55	27.29	13.08	488	79	34	0	0	0
263	2019-02-05 	21:25:53	19.55	27.31	13.02	515	79	33	0	0	0
264	2019-02-05 	21:25:54	19.47	27.29	13.16	453	79	34	0	0	0
265	2019-02-05 	21:25:55	19.47	27.29	13.66	286	79	35	0	0	0
266	2019-02-05 	21:25:56	19.51	27.31	13.84	242	79	35	0	0	0
267	2019-02-05 	21:25:57	19.51	27.31	13.83	244	79	36	0	0	0
268	2019-02-05 	21:25:58	19.51	27.31	13.7	275	79	32	0	0	0
269	2019-02-05 	21:25:59	19.55	27.29	13.19	441	79	32	0	0	0
270	2019-02-05 	21:26:01	19.57	27.31	13.19	441	79	267	0	0	0
271	2019-02-05 	21:26:02	19.55	27.31	13.19	441	79	265	0	0	0
272	2019-02-05 	21:26:03	19.51	27.29	13.24	421	79	266	0	0	0
273	2019-02-05 	21:26:04	19.45	27.31	13.58	308	79	267	0	0	0
274	2019-02-05 	21:26:05	19.55	27.31	13.81	249	79	267	0	0	0
275	2019-02-05 	21:26:06	19.55	27.31	13.77	258	79	267	0	0	0
276	2019-02-05 	21:26:07	19.57	27.31	13.92	225	79	266	0	0	0
277	2019-02-05 	21:26:08	19.55	27.37	13.72	270	79	267	0	0	0
278	2019-02-05 	21:26:09	19.63	27.33	13.51	328	68	236	0	0	0
279	2019-02-05 	21:26:10	19.67	27.33	13.41	360	62	246	0	0	0
280	2019-02-05 	21:26:11	19.61	27.29	13.39	366	62	246	0	0	0
281	2019-02-05 	21:26:12	19.63	27.33	13.35	380	62	245	0	0	0
282	2019-02-05 	21:26:13	19.63	27.31	13.35	380	63	245	0	0	0
283	2019-02-05 	21:26:14	19.67	27.29	13.59	305	62	245	0	0	0
284	2019-02-05 	21:26:15	19.67	27.33	13.79	254	62	245	0	0	0
285	2019-02-05 	21:26:16	19.63	27.31	13.8	251	63	245	0	0	0
286	2019-02-05 	21:26:17	19.73	27.31	14.01	207	63	246	0	0	0
287	2019-02-05 	21:26:18	19.61	27.33	13.93	223	63	245	0	0	0
288	2019-02-05 	21:26:19	19.71	27.31	13.97	215	62	246	0	0	0
289	2019-02-05 	21:26:20	19.79	27.31	13.67	283	43	242	0	0	0
290	2019-02-05 	21:26:21	19.87	27.31	14.3	158	43	242	0	0	0
291	2019-02-05 	21:26:22	19.87	27.29	14.16	180	43	242	0	0	0
292	2019-02-05 	21:26:23	19.83	27.31	14.09	192	43	241	0	0	0
293	2019-02-05 	21:26:24	19.83	27.31	14.39	146	43	241	0	0	0
294	2019-02-05 	21:26:25	19.79	27.31	14.5	132	43	242	0	0	0
295	2019-02-05 	21:26:26	19.87	27.31	14.54	127	43	242	0	0	0
296	2019-02-05 	21:26:27	19.87	27.31	14.43	141	43	242	0	0	0
297	2019-02-05 	21:26:28	19.83	27.33	14.54	127	43	242	0	0	0
298	2019-02-05 	21:26:29	19.83	27.29	14.49	133	43	241	0	0	0
299	2019-02-05 	21:26:30	20.05	27.33	14.18	177	22	241	0	0	0
300	2019-02-05 	21:26:31	20.11	27.31	13.65	288	22	241	0	0	0
301	2019-02-05 	21:26:32	20.09	27.33	13.95	219	22	241	0	0	0
302	2019-02-05 	21:26:33	20.11	27.31	13.73	268	23	241	0	0	0
303	2019-02-05 	21:26:34	20.01	27.33	13.58	308	22	241	0	0	0
304	2019-02-05 	21:26:35	20.09	27.29	13.62	296	22	241	0	0	0
305	2019-02-05 	21:26:36	20.15	27.31	13.7	275	22	241	0	0	0
306	2019-02-05 	21:26:38	20.05	27.31	14.1	191	22	241	0	0	0
307	2019-02-05 	21:26:39	20.11	27.31	14.1	191	22	241	0	0	0
308	2019-02-05 	21:26:40	19.77	27.31	14.07	196	51	246	0	0	0
309	2019-02-05 	21:26:41	19.83	27.31	13.65	288	45	72	0	0	0
310	2019-02-05 	21:26:43	20.27	27.31	12.53	809	27	100	0	0	0
311	2019-02-05 	21:26:44	20.21	27.31	12.32	982	27	100	0	0	0
312	2019-02-05 	21:26:45	20.33	27.29	12.35	955	27	100	0	0	0
313	2019-02-05 	21:26:46	20.23	27.29	12.62	745	27	100	0	0	0
314	2019-02-05 	21:26:47	20.23	27.31	12.89	581	27	100	0	0	0
315	2019-02-05 	21:26:48	20.23	27.29	13.19	441	27	100	0	0	0
316	2019-02-05 	21:26:49	20.23	27.29	13.13	466	27	100	0	0	0
317	2019-02-05 	21:26:50	20.17	27.29	13	525	27	100	0	0	0
318	2019-02-05 	21:26:51	20.21	27.29	12.64	731	27	100	0	0	0
319	2019-02-05 	21:26:52	20.27	27.31	12.46	863	27	101	0	0	0
320	2019-02-05 	21:26:53	20.09	27.31	12.34	964	36	98	0	0	0
321	2019-02-05 	21:26:54	20.09	27.29	12.12	1180	36	98	0	0	0
322	2019-02-05 	21:26:55	20.01	27.29	12.22	1076	36	98	0	0	0
323	2019-02-05 	21:26:57	20.05	27.31	12.7	692	36	98	0	0	0
324	2019-02-05 	21:26:58	20.01	27.29	12.75	661	36	98	0	0	0
325	2019-02-05 	21:26:59	20.05	27.31	13.03	511	36	98	0	0	0
326	2019-02-05 	21:27:01	20.05	27.33	12.79	637	35	98	0	0	0
327	2019-02-05 	21:27:02	20.09	27.29	12.59	766	36	99	0	0	0
328	2019-02-05 	21:27:03	19.61	27.33	12.41	904	60	83	0	0	0
329	2019-02-05 	21:27:04	19.61	27.33	12.67	711	60	83	0	0	0
330	2019-02-05 	21:27:05	19.61	27.31	12.6	759	60	83	0	0	0
331	2019-02-05 	21:27:06	19.63	27.31	12.56	787	60	84	0	0	0
332	2019-02-05 	21:27:07	19.57	27.29	12.55	794	60	85	0	0	0
333	2019-02-05 	21:27:09	19.63	27.31	12.64	731	59	85	0	0	0
334	2019-02-05 	21:27:10	19.63	27.31	12.86	597	60	85	0	0	0
335	2019-02-05 	21:27:11	19.63	27.33	12.92	565	59	85	0	0	0
336	2019-02-05 	21:27:12	19.61	27.37	13	525	60	85	0	0	0
337	2019-02-05 	21:27:13	19.47	27.31	13.32	391	78	63	0	0	0
338	2019-02-05 	21:27:14	19.47	27.33	13.73	268	78	63	0	0	0
339	2019-02-05 	21:27:15	19.51	27.33	13.28	406	78	63	0	0	0
340	2019-02-05 	21:27:16	19.47	27.31	13.31	394	78	61	0	0	0
341	2019-02-05 	21:27:17	19.47	27.31	13.14	461	78	61	0	0	0
342	2019-02-05 	21:27:19	19.57	27.37	13.09	483	78	59	0	0	0
343	2019-02-05 	21:27:20	19.45	27.33	13.03	511	78	62	0	0	0
344	2019-02-05 	21:27:21	19.51	27.33	12.91	570	77	61	0	0	0
345	2019-02-05 	21:27:22	19.47	27.33	12.93	560	78	61	0	0	0
346	2019-02-05 	21:27:23	19.57	27.33	13.14	461	83	286	0	0	0
347	2019-02-05 	21:27:24	19.51	27.31	13.58	308	80	286	0	0	0
348	2019-02-05 	21:27:25	19.55	27.39	13.96	217	80	284	0	0	0
349	2019-02-05 	21:27:26	19.67	27.39	13.99	211	80	285	0	0	0
350	2019-02-05 	21:27:27	19.57	27.33	13.98	213	80	283	0	0	0
351	2019-02-05 	21:27:28	19.61	27.33	13.49	334	80	287	0	0	0
352	2019-02-05 	21:27:29	19.57	27.33	13.35	380	80	285	0	0	0
353	2019-02-05 	21:27:30	19.61	27.31	13.39	366	80	286	0	0	0
354	2019-02-05 	21:27:31	19.57	27.37	13.38	370	80	285	0	0	0
355	2019-02-05 	21:27:32	19.57	27.37	13.34	384	80	284	0	0	0
356	2019-02-05 	21:27:34	19.73	27.37	13.26	413	64	263	0	0	0
357	2019-02-05 	21:27:36	19.71	27.37	13.74	265	64	264	0	0	0
358	2019-02-05 	21:27:37	19.67	27.37	14.14	184	64	262	0	0	0
359	2019-02-05 	21:27:38	19.71	27.37	13.92	225	64	264	0	0	0
360	2019-02-05 	21:27:39	19.67	27.39	14.15	182	64	263	0	0	0
361	2019-02-05 	21:27:40	19.73	27.37	14.02	205	64	263	0	0	0
362	2019-02-05 	21:27:41	19.67	27.39	13.94	221	64	263	0	0	0
363	2019-02-05 	21:27:42	19.73	27.37	13.53	322	64	263	0	0	0
364	2019-02-05 	21:27:43	19.71	27.37	13.47	340	64	264	0	0	0
365	2019-02-05 	21:27:44	19.95	27.37	13.49	334	45	258	0	0	0
366	2019-02-05 	21:27:45	19.89	27.33	13.93	223	45	258	0	0	0
367	2019-02-05 	21:27:46	19.93	27.37	14.07	196	45	257	0	0	0
368	2019-02-05 	21:27:47	19.89	27.37	14.33	154	45	257	0	0	0
369	2019-02-05 	21:27:48	19.87	27.31	14.33	154	45	258	0	0	0
370	2019-02-05 	21:27:49	19.89	27.37	13.85	240	45	258	0	0	0
371	2019-02-05 	21:27:50	19.87	27.33	14.2	174	45	258	0	0	0
372	2019-02-05 	21:27:51	19.93	27.37	14.07	196	45	258	0	0	0
373	2019-02-05 	21:27:52	19.95	27.37	13.86	238	45	258	0	0	0
374	2019-02-05 	21:27:53	19.89	27.37	13.73	268	45	258	0	0	0
375	2019-02-05 	21:27:54	20.15	27.33	14.08	194	24	256	0	0	0
376	2019-02-05 	21:27:56	20.15	27.33	14.23	169	24	257	0	0	0
377	2019-02-05 	21:27:57	20.15	27.33	14.03	203	24	257	0	0	0
378	2019-02-05 	21:27:58	20.15	27.37	14.38	147	24	257	0	0	0
379	2019-02-05 	21:27:59	20.11	27.33	13.81	249	24	257	0	0	0
380	2019-02-05 	21:28:00	20.11	27.33	13.82	247	24	257	0	0	0
381	2019-02-05 	21:28:01	20.17	27.31	13.81	249	24	257	0	0	0
382	2019-02-05 	21:28:02	20.15	27.33	14.1	191	24	257	0	0	0
383	2019-02-05 	21:28:03	20.17	27.33	14.44	139	24	257	0	0	0
384	2019-02-05 	21:28:04	20.09	27.37	14.3	158	39	249	0	0	0
385	2019-02-05 	21:28:05	19.51	27.31	14.27	163	39	139	0	0	0
386	2019-02-05 	21:28:06	19.87	27.33	13.33	387	23	130	0	0	0
387	2019-02-05 	21:28:07	19.83	27.31	11.99	1330	24	130	0	0	0
388	2019-02-05 	21:28:09	19.93	27.33	11.86	1500	24	130	0	0	0
389	2019-02-05 	21:28:10	19.89	27.33	11.84	1528	24	130	0	0	0
390	2019-02-05 	21:28:11	19.87	27.31	11.9	1445	24	130	0	0	0
391	2019-02-05 	21:28:12	19.93	27.37	11.98	1343	24	130	0	0	0
392	2019-02-05 	21:28:13	19.89	27.33	12.06	1247	24	130	0	0	0
393	2019-02-05 	21:28:14	19.79	27.33	11.98	1343	24	130	0	0	0
394	2019-02-05 	21:28:15	19.87	27.33	11.9	1445	24	131	0	0	0
395	2019-02-05 	21:28:16	19.89	27.37	11.86	1500	24	130	0	0	0
396	2019-02-05 	21:28:19	19.67	27.31	12.71	685	33	130	0	0	0
397	2019-02-05 	21:28:20	19.71	27.33	12.8	631	33	130	0	0	0
398	2019-02-05 	21:28:22	19.67	27.33	12.1	1202	33	130	0	0	0
399	2019-02-05 	21:28:23	19.79	27.37	12.03	1282	33	130	0	0	0
400	2019-02-05 	21:28:24	19.73	27.31	12.35	955	33	130	0	0	0
401	2019-02-05 	21:28:26	19.71	27.37	12.87	592	33	130	0	0	0
402	2019-02-05 	21:28:27	19.47	27.37	12.41	904	58	120	0	0	0
403	2019-02-05 	21:28:28	19.47	27.31	12.47	855	57	119	0	0	0
404	2019-02-05 	21:28:29	19.45	27.37	12.33	973	57	121	0	0	0
405	2019-02-05 	21:28:30	19.45	27.33	12.48	847	57	120	0	0	0
406	2019-02-05 	21:28:31	19.45	27.37	12.89	581	57	120	0	0	0
407	2019-02-05 	21:28:32	19.45	27.37	13.19	441	57	121	0	0	0
408	2019-02-05 	21:28:33	19.47	27.37	13.01	520	57	120	0	0	0
409	2019-02-05 	21:28:36	19.47	27.37	12.32	982	57	121	0	0	0
410	2019-02-05 	21:28:37	19.41	27.37	12.46	863	77	96	0	0	0
411	2019-02-05 	21:28:38	19.39	27.37	13.35	380	77	97	0	0	0
412	2019-02-05 	21:28:39	19.39	27.37	13.66	286	77	98	0	0	0
413	2019-02-05 	21:28:40	19.39	27.37	13.2	437	77	97	0	0	0
414	2019-02-05 	21:28:41	19.41	27.37	13.05	501	77	96	0	0	0
415	2019-02-05 	21:28:42	19.41	27.31	12.84	608	77	98	0	0	0
416	2019-02-05 	21:28:43	19.51	27.37	12.87	592	78	96	0	0	0
417	2019-02-05 	21:28:44	19.45	27.37	13.27	409	77	96	0	0	0
418	2019-02-05 	21:28:45	19.41	27.33	13.47	340	77	97	0	0	0
419	2019-02-05 	21:28:46	19.45	27.37	13.48	337	78	97	0	0	0
420	2019-02-05 	21:28:48	19.51	27.37	13.11	474	82	323	0	0	0
421	2019-02-05 	21:28:49	19.51	27.37	13.17	449	82	322	0	0	0
422	2019-02-05 	21:28:50	19.47	27.33	13.28	406	82	323	0	0	0
423	2019-02-05 	21:28:51	19.51	27.39	13.76	261	82	325	0	0	0
424	2019-02-05 	21:28:52	19.51	27.33	13.8	251	82	324	0	0	0
425	2019-02-05 	21:28:53	19.51	27.37	13.82	247	82	324	0	0	0
426	2019-02-05 	21:28:54	19.51	27.37	13.27	409	82	325	0	0	0
427	2019-02-05 	21:28:55	19.51	27.37	13.16	453	82	326	0	0	0
428	2019-02-05 	21:28:56	19.47	27.39	13.28	406	82	323	0	0	0
429	2019-02-05 	21:28:57	19.45	27.39	13.55	316	82	323	0	0	0
430	2019-02-05 	21:28:58	19.67	27.39	13.92	225	64	290	0	0	0
431	2019-02-05 	21:28:59	19.71	27.37	13.67	283	64	290	0	0	0
432	2019-02-05 	21:29:00	19.71	27.39	13.66	286	64	290	0	0	0
433	2019-02-05 	21:29:01	19.67	27.33	13.55	316	64	290	0	0	0
434	2019-02-05 	21:29:02	19.73	27.39	13.58	308	64	290	0	0	0
435	2019-02-05 	21:29:03	19.67	27.37	13.93	223	64	290	0	0	0
436	2019-02-05 	21:29:04	19.71	27.39	14.18	177	64	292	0	0	0
437	2019-02-05 	21:29:05	19.73	27.37	13.71	273	64	291	0	0	0
438	2019-02-05 	21:29:06	19.67	27.37	13.88	233	64	290	0	0	0
439	2019-02-05 	21:29:07	19.71	27.41	13.53	322	64	290	0	0	0
440	2019-02-05 	21:29:08	19.99	27.39	13.65	288	47	283	0	0	0
441	2019-02-05 	21:29:09	19.99	27.37	14.44	139	46	282	0	0	0
442	2019-02-05 	21:29:10	20.01	27.39	14.31	157	47	282	0	0	0
443	2019-02-05 	21:29:11	19.95	27.41	14.39	146	47	282	0	0	0
444	2019-02-05 	21:29:12	19.95	27.39	13.85	240	47	282	0	0	0
445	2019-02-05 	21:29:14	19.99	27.41	13.87	236	47	282	0	0	0
446	2019-02-05 	21:29:15	20.05	27.39	14.25	166	47	283	0	0	0
447	2019-02-05 	21:29:16	20.05	27.39	14.44	139	47	282	0	0	0
448	2019-02-05 	21:29:17	20.01	27.39	14.14	184	47	282	0	0	0
449	2019-02-05 	21:29:18	20.43	27.39	14.16	180	47	283	0	0	0
450	2019-02-05 	21:29:19	20.49	27.39	13.99	211	25	279	0	0	0
451	2019-02-05 	21:29:20	20.39	27.41	14.06	198	25	279	0	0	0
452	2019-02-05 	21:29:21	20.39	27.39	13.99	211	25	279	0	0	0
453	2019-02-05 	21:29:22	20.43	27.37	14.49	133	25	279	0	0	0
454	2019-02-05 	21:29:23	20.45	27.37	14.53	128	25	279	0	0	0
455	2019-02-05 	21:29:24	20.37	27.39	14.03	203	25	278	0	0	0
456	2019-02-05 	21:29:25	20.39	27.37	14	209	25	279	0	0	0
457	2019-02-05 	21:29:26	20.39	27.41	14.03	203	25	279	0	0	0
458	2019-02-05 	21:29:27	20.45	27.39	14.03	203	25	279	0	0	0
459	2019-02-05 	21:29:28	20.43	27.37	13.99	211	19	254	0	0	0
460	2019-02-05 	21:29:29	19.33	27.37	13.9	229	84	114	0	0	0
461	2019-02-05 	21:29:30	20.17	27.39	12.7	692	25	105	0	0	0
462	2019-02-05 	21:29:31	19.93	27.31	12.56	787	17	74	0	0	0
463	2019-02-05 	21:29:32	20.15	27.39	14.17	179	29	14	0	0	0
464	2019-02-05 	21:29:33	20.11	27.37	14.23	169	29	14	0	0	0
465	2019-02-05 	21:29:34	20.15	27.39	13.85	240	28	14	0	0	0
466	2019-02-05 	21:29:35	20.17	27.37	13.9	229	29	14	0	0	0
467	2019-02-05 	21:29:36	20.11	27.37	14.09	192	29	13	0	0	0
468	2019-02-05 	21:29:37	20.17	27.37	14.44	139	28	13	0	0	0
469	2019-02-05 	21:29:38	20.23	27.39	14.3	158	29	13	0	0	0
470	2019-02-05 	21:29:39	20.17	27.39	13.99	211	29	15	0	0	0
471	2019-02-05 	21:29:41	20.17	27.37	13.86	238	28	14	0	0	0
472	2019-02-05 	21:29:42	20.17	27.37	14.17	179	28	14	0	0	0
473	2019-02-05 	21:29:43	20.17	27.39	13.84	242	29	14	0	0	0
474	2019-02-05 	21:29:43	20.15	27.39	13.88	233	29	15	0	0	0
475	2019-02-05 	21:29:45	20.11	27.39	14.05	200	28	13	0	0	0
476	2019-02-05 	21:29:46	20.17	27.33	14.44	139	29	14	0	0	0
477	2019-02-05 	21:29:47	20.15	27.39	14.1	191	28	12	0	0	0
478	2019-02-05 	21:29:48	20.23	27.41	14.36	150	29	13	0	0	0
479	2019-02-05 	21:29:49	20.15	27.41	13.91	227	29	13	0	0	0
480	2019-02-05 	21:29:50	20.15	27.41	13.83	244	29	12	0	0	0
481	2019-02-05 	21:29:51	20.17	27.37	13.83	244	29	14	0	0	0
482	2019-02-05 	21:29:52	20.17	27.39	13.95	219	29	14	0	0	0
483	2019-02-05 	21:29:53	20.15	27.39	14.42	142	28	14	0	0	0
484	2019-02-05 	21:29:54	20.17	27.41	14.27	163	29	13	0	0	0
485	2019-02-05 	21:29:55	20.15	27.39	13.98	213	28	13	0	0	0
486	2019-02-05 	21:29:56	20.15	27.41	13.83	244	28	14	0	0	0
487	2019-02-05 	21:29:57	20.11	27.41	13.83	244	29	13	0	0	0
488	2019-02-05 	21:29:58	20.11	27.39	14.02	205	28	13	0	0	0
489	2019-02-05 	21:29:59	20.11	27.39	14	209	28	14	0	0	0
490	2019-02-05 	21:30:00	20.15	27.41	14.25	166	28	13	0	0	0
491	2019-02-05 	21:30:01	20.15	27.41	14.43	141	28	14	0	0	0
492	2019-02-05 	21:30:02	20.17	27.41	14.33	154	28	12	0	0	0
493	2019-02-05 	21:30:03	20.15	27.39	13.94	221	28	14	0	0	0
494	2019-02-05 	21:30:04	20.15	27.41	13.83	244	29	14	0	0	0
495	2019-02-05 	21:30:05	20.11	27.41	13.84	242	28	13	0	0	0
496	2019-02-05 	21:30:06	20.17	27.39	13.89	231	28	12	0	0	0
497	2019-02-05 	21:30:07	20.17	27.39	14.05	200	29	13	0	0	0
498	2019-02-05 	21:30:08	20.11	27.39	14.4	145	28	13	0	0	0
499	2019-02-05 	21:30:09	20.11	27.41	14.43	141	28	13	0	0	0
500	2019-02-05 	21:30:10	20.09	27.43	13.88	233	28	13	0	0	0
501	2019-02-05 	21:30:11	20.11	27.41	13.89	231	28	13	0	0	0
502	2019-02-05 	21:30:12	20.11	27.41	13.93	223	29	13	0	0	0
503	2019-02-05 	21:30:13	20.09	27.41	13.82	247	29	14	0	0	0
504	2019-02-05 	21:30:14	20.11	27.41	13.88	233	28	12	0	0	0
505	2019-02-05 	21:30:15	20.15	27.43	14	209	29	13	0	0	0
506	2019-02-05 	21:30:18	20.09	27.41	14.09	192	29	14	0	0	0
507	2019-02-05 	21:30:19	20.05	27.43	13.87	236	29	14	0	0	0
508	2019-02-05 	21:30:20	20.11	27.45	13.83	244	29	14	0	0	0
509	2019-02-05 	21:30:21	20.17	27.41	13.86	238	29	13	0	0	0
510	2019-02-05 	21:30:22	20.11	27.39	13.98	213	28	14	0	0	0
511	2019-02-05 	21:30:23	20.15	27.43	14.21	172	28	14	0	0	0
512	2019-02-05 	21:30:24	20.09	27.43	14.44	139	29	14	0	0	0
513	2019-02-05 	21:30:25	20.09	27.43	14.43	141	29	14	0	0	0
514	2019-02-05 	21:30:26	20.11	27.43	14.37	149	28	12	0	0	0
515	2019-02-05 	21:30:27	20.11	27.41	14.02	205	28	13	0	0	0
516	2019-02-05 	21:30:28	20.17	27.43	13.84	242	28	13	0	0	0
517	2019-02-05 	21:30:29	20.15	27.43	14.05	200	29	13	0	0	0
518	2019-02-05 	21:30:30	20.15	27.41	13.87	236	28	14	0	0	0
519	2019-02-05 	21:30:31	20.15	27.43	13.82	247	29	13	0	0	0
520	2019-02-05 	21:30:33	20.17	27.43	13.89	231	28	13	0	0	0
521	2019-02-05 	21:30:34	20.15	27.43	14.35	151	29	14	0	0	0
522	2019-02-05 	21:30:35	20.23	27.47	14.43	141	29	14	0	0	0
523	2019-02-05 	21:30:36	20.11	27.41	14.27	163	28	12	0	0	0
524	2019-02-05 	21:30:37	20.15	27.43	14.44	139	28	12	0	0	0
525	2019-02-05 	21:30:38	20.21	27.43	14.43	141	29	14	0	0	0
526	2019-02-05 	21:30:39	20.15	27.43	13.88	233	28	13	0	0	0
527	2019-02-05 	21:30:40	20.15	27.45	14.23	169	28	14	0	0	0
528	2019-02-05 	21:30:41	20.17	27.43	13.83	244	28	12	0	0	0
529	2019-02-05 	21:30:42	20.15	27.41	13.86	238	28	13	0	0	0
530	2019-02-05 	21:30:43	20.15	27.43	13.93	223	28	14	0	0	0
531	2019-02-05 	21:30:44	20.17	27.45	13.95	219	29	13	0	0	0
532	2019-02-05 	21:30:45	20.17	27.45	13.92	225	28	14	0	0	0
533	2019-02-05 	21:30:46	20.17	27.43	13.92	225	28	13	0	0	0
534	2019-02-05 	21:30:47	20.17	27.45	14.35	151	29	15	0	0	0
535	2019-02-05 	21:30:48	20.17	27.45	14.44	139	28	13	0	0	0
536	2019-02-05 	21:30:50	20.21	27.47	13.99	211	28	14	0	0	0
537	2019-02-05 	21:30:51	20.17	27.45	14.38	147	28	13	0	0	0
538	2019-02-05 	21:30:52	20.11	27.45	13.98	213	29	14	0	0	0
539	2019-02-05 	21:30:53	20.11	27.43	13.87	236	28	13	0	0	0
540	2019-02-05 	21:30:54	20.21	27.47	14.19	175	28	14	0	0	0
541	2019-02-05 	21:30:55	20.21	27.47	13.83	244	28	11	0	0	0
542	2019-02-05 	21:30:56	20.21	27.43	13.85	240	29	13	0	0	0
543	2019-02-05 	21:30:57	20.17	27.49	13.84	242	29	14	0	0	0
544	2019-02-05 	21:30:59	20.21	27.47	13.89	231	29	13	0	0	0
545	2019-02-05 	21:31:00	20.21	27.43	14.01	207	29	13	0	0	0
546	2019-02-05 	21:31:01	20.15	27.49	14.01	207	29	13	0	0	0
547	2019-02-05 	21:31:02	20.21	27.47	14.44	139	29	13	0	0	0
548	2019-02-05 	21:31:03	20.17	27.49	14.39	146	29	14	0	0	0
549	2019-02-05 	21:31:04	20.21	27.49	14.42	142	29	13	0	0	0
550	2019-02-05 	21:31:05	20.15	27.47	14.44	139	29	13	0	0	0
551	2019-02-05 	21:31:06	20.09	27.47	14.14	184	28	13	0	0	0
552	2019-02-05 	21:31:07	20.15	27.49	13.93	223	28	13	0	0	0
553	2019-02-05 	21:31:08	20.05	27.47	13.84	242	29	14	0	0	0
554	2019-02-05 	21:31:09	20.15	27.45	13.85	240	28	14	0	0	0
555	2019-02-05 	21:31:10	20.15	27.49	13.9	229	29	14	0	0	0
556	2019-02-05 	21:31:11	20.11	27.47	13.85	240	29	13	0	0	0
557	2019-02-05 	21:31:12	20.15	27.47	13.88	233	28	13	0	0	0
558	2019-02-05 	21:31:13	20.05	27.45	14.33	154	28	14	0	0	0
559	2019-02-05 	21:31:15	20.15	27.47	14.13	185	28	14	0	0	0
560	2019-02-05 	21:31:16	20.21	27.49	14.42	142	28	14	0	0	0
561	2019-02-05 	21:31:17	20.21	27.47	14.24	167	28	13	0	0	0
562	2019-02-05 	21:31:18	20.23	27.49	14.44	139	28	14	0	0	0
563	2019-02-05 	21:31:19	20.27	27.49	14.34	153	29	13	0	0	0
564	2019-02-05 	21:31:20	20.49	27.51	14.24	167	28	13	0	0	0
565	2019-02-05 	21:31:21	20.67	27.47	13.89	231	28	14	0	0	0
566	2019-02-05 	21:31:22	20.15	27.49	13.96	217	28	13	0	0	0
567	2019-02-05 	21:31:23	20.17	27.47	14.42	142	29	13	0	0	0
568	2019-02-05 	21:31:24	20.15	27.47	14.77	103	29	12	0	0	0
569	2019-02-05 	21:31:25	20.11	27.47	14	209	29	12	0	0	0
570	2019-02-05 	21:31:26	20.15	27.49	14.42	142	29	13	0	0	0
571	2019-02-05 	21:31:27	20.11	27.49	14.09	192	28	13	0	0	0
572	2019-02-05 	21:31:28	20.11	27.47	14.3	158	28	12	0	0	0
573	2019-02-05 	21:31:30	20.05	27.49	14.04	201	29	13	0	0	0
574	2019-02-05 	21:31:31	20.09	27.49	13.97	215	28	13	0	0	0
575	2019-02-05 	21:31:32	20.15	27.51	13.95	219	28	13	0	0	0
576	2019-02-05 	21:31:33	20.23	27.51	13.94	221	29	13	0	0	0
577	2019-02-05 	21:31:34	20.09	27.51	13.83	244	28	13	0	0	0
578	2019-02-05 	21:31:35	20.11	27.49	13.89	231	28	14	0	0	0
579	2019-02-05 	21:31:36	20.15	27.51	14.24	167	28	14	0	0	0
580	2019-02-05 	21:31:37	20.11	27.49	14.1	191	28	12	0	0	0
581	2019-02-05 	21:31:38	20.15	27.49	14.44	139	29	13	0	0	0
582	2019-02-05 	21:31:39	20.17	27.51	14.26	164	28	13	0	0	0
583	2019-02-05 	21:31:40	20.05	27.51	14.42	142	28	14	0	0	0
584	2019-02-05 	21:31:41	20.01	27.49	14.34	153	29	13	0	0	0
585	2019-02-05 	21:31:42	20.05	27.47	13.83	244	29	12	0	0	0
586	2019-02-05 	21:31:43	20.01	27.51	14.01	207	29	13	0	0	0
587	2019-02-05 	21:31:44	20.09	27.51	13.84	242	28	13	0	0	0
588	2019-02-05 	21:31:45	20.11	27.51	13.84	242	28	13	0	0	0
589	2019-02-05 	21:31:46	20.05	27.51	13.96	217	29	13	0	0	0
590	2019-02-05 	21:31:47	20.09	27.51	14.42	142	28	12	0	0	0
591	2019-02-05 	21:31:48	20.01	27.49	14.42	142	28	12	0	0	0
592	2019-02-05 	21:31:49	20.11	27.51	14.02	205	28	12	0	0	0
593	2019-02-05 	21:31:51	20.11	27.53	14.07	196	28	14	0	0	0
594	2019-02-05 	21:31:53	20.09	27.51	13.83	244	28	13	0	0	0
595	2019-02-05 	21:31:54	20.09	27.53	13.84	242	29	13	0	0	0
596	2019-02-05 	21:31:55	20.15	27.51	14.36	150	29	13	0	0	0
597	2019-02-05 	21:31:56	20.05	27.49	14.42	142	29	12	0	0	0
598	2019-02-05 	21:31:57	20.15	27.53	14.36	150	29	12	0	0	0
599	2019-02-05 	21:31:58	20.09	27.51	14.21	172	29	13	0	0	0
600	2019-02-05 	21:31:59	20.17	27.53	14.29	160	28	12	0	0	0
601	2019-02-05 	21:32:00	20.09	27.51	14.12	187	28	14	0	0	0
602	2019-02-05 	21:32:02	20.09	27.55	13.96	217	28	13	0	0	0
603	2019-02-05 	21:32:03	20.17	27.51	13.84	242	28	14	0	0	0
604	2019-02-05 	21:32:05	20.09	27.53	14.01	207	28	13	0	0	0
605	2019-02-05 	21:32:07	20.09	27.53	14.17	179	29	13	0	0	0
606	2019-02-05 	21:32:08	20.05	27.51	14.28	161	29	13	0	0	0
607	2019-02-05 	21:32:10	20.11	27.51	13.91	227	28	13	0	0	0
608	2019-02-05 	21:32:11	20.09	27.51	13.83	244	29	13	0	0	0
609	2019-02-05 	21:32:12	20.05	27.51	13.89	231	29	12	0	0	0
610	2019-02-05 	21:32:13	20.11	27.51	13.97	215	29	13	0	0	0
611	2019-02-05 	21:32:14	20.11	27.51	13.87	236	28	15	0	0	0
612	2019-02-05 	21:32:15	20.27	27.53	14.01	207	29	13	0	0	0
613	2019-02-05 	21:32:16	20.59	27.53	14.36	150	28	14	0	0	0
614	2019-02-05 	21:32:17	20.15	27.51	14.42	142	28	14	0	0	0
615	2019-02-05 	21:32:18	20.17	27.55	14.47	136	28	14	0	0	0
616	2019-02-05 	21:32:19	20.15	27.55	14.26	164	28	13	0	0	0
617	2019-02-05 	21:32:20	20.15	27.53	14.07	196	28	14	0	0	0
618	2019-02-05 	21:32:21	20.09	27.55	13.85	240	28	13	0	0	0
619	2019-02-05 	21:32:22	20.17	27.53	13.87	236	29	12	0	0	0
620	2019-02-05 	21:32:23	20.09	27.53	13.86	238	29	12	0	0	0
621	2019-02-05 	21:32:25	20.15	27.55	14.14	184	29	14	0	0	0
622	2019-02-05 	21:32:26	20.11	27.55	14.41	143	29	14	0	0	0
623	2019-02-05 	21:32:27	20.15	27.55	14.01	207	29	13	0	0	0
624	2019-02-05 	21:32:28	20.15	27.55	14.34	153	28	12	0	0	0
625	2019-02-05 	21:32:29	20.11	27.59	13.95	219	28	12	0	0	0
626	2019-02-05 	21:32:30	20.11	27.55	13.83	244	28	13	0	0	0
627	2019-02-05 	21:32:31	20.09	27.53	13.94	221	28	13	0	0	0
628	2019-02-05 	21:32:32	20.15	27.53	13.9	229	28	13	0	0	0
629	2019-02-05 	21:32:33	20.09	27.55	14.2	174	29	13	0	0	0
630	2019-02-05 	21:32:34	20.11	27.53	14.42	142	29	13	0	0	0
631	2019-02-05 	21:32:35	20.17	27.61	14.19	175	29	13	0	0	0
632	2019-02-05 	21:32:36	20.09	27.55	13.84	242	29	13	0	0	0
633	2019-02-05 	21:32:37	20.15	27.59	13.84	242	29	13	0	0	0
634	2019-02-05 	21:32:38	20.11	27.55	13.95	219	28	14	0	0	0
635	2019-02-05 	21:32:39	20.09	27.59	14.03	203	29	13	0	0	0
636	2019-02-05 	21:32:40	20.05	27.59	14.04	201	28	13	0	0	0
637	2019-02-05 	21:32:41	20.05	27.53	14.42	142	28	13	0	0	0
638	2019-02-05 	21:32:42	20.05	27.59	14.08	194	28	13	0	0	0
639	2019-02-05 	21:32:43	20.09	27.59	13.95	219	28	14	0	0	0
640	2019-02-05 	21:32:44	20.15	27.55	13.9	229	28	13	0	0	0
641	2019-02-05 	21:32:45	20.15	27.59	13.84	242	29	14	0	0	0
642	2019-02-05 	21:32:46	20.05	27.55	13.85	240	29	14	0	0	0
643	2019-02-05 	21:32:47	20.15	27.59	14.42	142	29	13	0	0	0
644	2019-02-05 	21:32:48	20.11	27.61	14.43	141	28	12	0	0	0
645	2019-02-05 	21:32:49	20.11	27.61	13.87	236	29	12	0	0	0
646	2019-02-05 	21:32:50	20.01	27.55	13.84	242	28	13	0	0	0
647	2019-02-05 	21:32:51	20.01	27.55	13.92	225	28	14	0	0	0
648	2019-02-05 	21:32:52	20.11	27.61	13.88	233	28	14	0	0	0
649	2019-02-05 	21:32:53	20.09	27.55	14.37	149	29	15	0	0	0
650	2019-02-05 	21:32:54	20.05	27.61	14.38	147	28	14	0	0	0
651	2019-02-05 	21:32:55	20.11	27.61	13.9	229	28	14	0	0	0
652	2019-02-05 	21:32:56	20.05	27.59	14.03	203	29	13	0	0	0
653	2019-02-05 	21:32:58	20.05	27.61	13.84	242	29	13	0	0	0
654	2019-02-05 	21:32:59	20.09	27.59	14.13	185	29	14	0	0	0
655	2019-02-05 	21:33:00	20.09	27.59	14.44	139	29	13	0	0	0
656	2019-02-05 	21:33:01	20.15	27.59	14.33	154	28	13	0	0	0
657	2019-02-05 	21:33:02	20.05	27.59	13.96	217	29	14	0	0	0
658	2019-02-05 	21:33:03	20.09	27.59	13.9	229	28	14	0	0	0
659	2019-02-05 	21:33:04	20.11	27.59	13.88	233	28	13	0	0	0
660	2019-02-05 	21:33:06	20.05	27.61	14.18	177	29	14	0	0	0
661	2019-02-05 	21:33:07	20.11	27.59	13.86	238	28	12	0	0	0
662	2019-02-05 	21:33:09	20.15	27.61	13.83	244	28	12	0	0	0
663	2019-02-05 	21:33:10	20.11	27.63	14.25	166	28	13	0	0	0
664	2019-02-05 	21:33:11	20.05	27.59	14.26	164	28	12	0	0	0
665	2019-02-05 	21:33:12	20.09	27.63	14.41	143	28	13	0	0	0
666	2019-02-05 	21:33:13	20.09	27.61	13.93	223	28	13	0	0	0
667	2019-02-05 	21:33:14	20.05	27.63	13.84	242	28	14	0	0	0
668	2019-02-05 	21:33:15	20.11	27.63	13.91	227	29	13	0	0	0
669	2019-02-05 	21:33:16	20.05	27.61	14.07	196	28	14	0	0	0
670	2019-02-05 	21:33:17	19.99	27.59	14.42	142	28	12	0	0	0
671	2019-02-05 	21:33:18	20.11	27.61	14.24	167	28	13	0	0	0
672	2019-02-05 	21:33:19	20.09	27.61	14.29	160	29	14	0	0	0
673	2019-02-05 	21:33:20	20.11	27.63	13.84	242	28	12	0	0	0
674	2019-02-05 	21:33:21	20.01	27.63	13.85	240	28	13	0	0	0
675	2019-02-05 	21:33:22	20.11	27.63	14.09	192	28	13	0	0	0
676	2019-02-05 	21:33:23	20.11	27.63	14.37	149	29	15	0	0	0
677	2019-02-05 	21:33:24	20.09	27.61	14.44	139	28	13	0	0	0
678	2019-02-05 	21:33:25	20.11	27.63	13.87	236	28	14	0	0	0
679	2019-02-05 	21:33:26	20.09	27.63	14.05	200	28	13	0	0	0
680	2019-02-05 	21:33:27	20.05	27.61	13.86	238	29	12	0	0	0
681	2019-02-05 	21:33:28	20.09	27.63	13.87	236	29	14	0	0	0
682	2019-02-05 	21:33:29	20.17	27.61	14.44	139	28	13	0	0	0
683	2019-02-05 	21:33:30	20.05	27.61	14.45	138	29	13	0	0	0
684	2019-02-05 	21:33:31	20.09	27.61	14.02	205	29	13	0	0	0
685	2019-02-05 	21:33:32	20.15	27.63	14.3	158	29	14	0	0	0
686	2019-02-05 	21:33:33	20.11	27.63	13.85	240	28	13	0	0	0
687	2019-02-05 	21:33:34	20.11	27.65	13.98	213	28	12	0	0	0
688	2019-02-05 	21:33:35	20.15	27.63	13.88	233	28	13	0	0	0
689	2019-02-05 	21:33:36	20.11	27.63	14.45	138	28	13	0	0	0
690	2019-02-05 	21:33:37	20.09	27.63	14.38	147	29	14	0	0	0
691	2019-02-05 	21:33:38	20.09	27.65	14.3	158	29	12	0	0	0
692	2019-02-05 	21:33:39	20.09	27.63	13.84	242	28	14	0	0	0
693	2019-02-05 	21:33:40	20.09	27.61	13.85	240	29	13	0	0	0
694	2019-02-05 	21:33:41	20.01	27.67	14.06	198	28	13	0	0	0
695	2019-02-05 	21:33:42	20.05	27.63	14.39	146	29	13	0	0	0
696	2019-02-05 	21:33:43	20.05	27.63	14.32	156	28	14	0	0	0
697	2019-02-05 	21:33:44	20.05	27.63	14.22	171	29	13	0	0	0
698	2019-02-05 	21:33:45	20.05	27.63	13.95	219	29	13	0	0	0
699	2019-02-05 	21:33:46	20.09	27.63	14.08	194	28	13	0	0	0
700	2019-02-05 	21:33:47	20.05	27.63	13.84	242	29	12	0	0	0
701	2019-02-05 	21:33:48	20.09	27.63	14.39	146	28	13	0	0	0
702	2019-02-05 	21:33:49	20.09	27.65	14.35	151	28	13	0	0	0
703	2019-02-05 	21:33:50	20.05	27.63	14.2	174	28	13	0	0	0
704	2019-02-05 	21:33:51	20.09	27.63	14.4	145	28	13	0	0	0
705	2019-02-05 	21:33:52	20.05	27.63	14.14	184	28	13	0	0	0
706	2019-02-05 	21:33:53	20.01	27.67	13.88	233	28	12	0	0	0
707	2019-02-05 	21:33:54	20.01	27.65	13.83	244	28	13	0	0	0
708	2019-02-05 	21:33:55	20.01	27.65	13.87	236	29	14	0	0	0
709	2019-02-05 	21:33:56	20.01	27.61	14.42	142	28	13	0	0	0
710	2019-02-05 	21:33:57	20.01	27.65	14.01	207	29	13	0	0	0
711	2019-02-05 	21:33:58	19.95	27.65	14.3	158	29	13	0	0	0
712	2019-02-05 	21:33:59	19.99	27.63	13.83	244	28	12	0	0	0
713	2019-02-05 	21:34:00	19.99	27.63	13.85	240	29	13	0	0	0
714	2019-02-05 	21:34:01	20.01	27.63	14.02	205	28	14	0	0	0
715	2019-02-05 	21:34:02	20.05	27.63	14.35	151	28	12	0	0	0
716	2019-02-05 	21:34:03	20.09	27.65	14.06	198	28	13	0	0	0
717	2019-02-05 	21:34:04	20.05	27.63	14.26	164	28	13	0	0	0
718	2019-02-05 	21:34:05	20.01	27.63	14.19	175	28	13	0	0	0
719	2019-02-05 	21:34:06	20.05	27.65	13.83	244	29	13	0	0	0
720	2019-02-05 	21:34:07	20.05	27.63	13.87	236	29	13	0	0	0
721	2019-02-05 	21:34:08	20.01	27.65	13.86	238	29	13	0	0	0
722	2019-02-05 	21:34:09	20.09	27.65	14.13	185	28	13	0	0	0
723	2019-02-05 	21:34:10	20.09	27.65	14.25	166	29	13	0	0	0
724	2019-02-05 	21:34:11	20.05	27.65	14.42	142	28	12	0	0	0
725	2019-02-05 	21:34:13	20.05	27.65	14.34	153	28	13	0	0	0
726	2019-02-05 	21:34:14	20.09	27.63	13.84	242	29	13	0	0	0
727	2019-02-05 	21:34:15	20.05	27.63	13.84	242	29	13	0	0	0
728	2019-02-05 	21:34:16	20.09	27.63	13.98	213	29	14	0	0	0
729	2019-02-05 	21:34:17	20.05	27.63	13.89	231	29	13	0	0	0
730	2019-02-05 	21:34:18	20.09	27.67	14.4	145	29	13	0	0	0
731	2019-02-05 	21:34:19	20.01	27.65	14.23	169	28	13	0	0	0
732	2019-02-05 	21:34:21	20.05	27.65	13.93	223	29	13	0	0	0
733	2019-02-05 	21:34:22	20.05	27.65	14.11	189	28	14	0	0	0
734	2019-02-05 	21:34:23	20.05	27.63	13.83	244	29	14	0	0	0
735	2019-02-05 	21:34:24	20.01	27.67	13.85	240	28	12	0	0	0
736	2019-02-05 	21:34:25	20.05	27.65	13.96	217	28	13	0	0	0
737	2019-02-05 	21:34:28	19.99	27.67	14.36	150	29	13	0	0	0
738	2019-02-05 	21:34:29	20.15	27.67	14.23	169	28	13	0	0	0
739	2019-02-05 	21:34:30	20.09	27.67	13.85	240	28	13	0	0	0
740	2019-02-05 	21:34:32	20.05	27.67	14.09	192	28	14	0	0	0
741	2019-02-05 	21:34:33	19.99	27.65	14.77	103	29	13	0	0	0
742	2019-02-05 	21:34:34	19.95	27.65	14.4	145	29	14	0	0	0
743	2019-02-05 	21:34:35	19.99	27.65	14.3	158	28	14	0	0	0
744	2019-02-05 	21:34:36	19.95	27.65	13.99	211	29	13	0	0	0
745	2019-02-05 	21:34:37	20.01	27.65	14.07	196	28	14	0	0	0
746	2019-02-05 	21:34:40	20.05	27.65	14.06	198	28	13	0	0	0
747	2019-02-05 	21:34:41	19.99	27.67	14.44	139	29	13	0	0	0
748	2019-02-05 	21:34:42	20.05	27.67	14.02	205	28	13	0	0	0
749	2019-02-05 	21:34:43	20.05	27.67	13.85	240	28	14	0	0	0
750	2019-02-05 	21:34:44	20.05	27.67	13.97	215	28	13	0	0	0
751	2019-02-05 	21:34:45	20.45	27.65	14.01	207	28	14	0	0	0
752	2019-02-05 	21:34:47	20.39	27.67	14.41	143	28	14	0	0	0
753	2019-02-05 	21:34:48	20.21	27.65	14.37	149	28	13	0	0	0
754	2019-02-05 	21:34:49	20.11	27.63	13.88	233	28	14	0	0	0
755	2019-02-05 	21:34:50	20.09	27.63	14	209	29	12	0	0	0
756	2019-02-05 	21:34:51	20.05	27.67	13.84	242	28	14	0	0	0
757	2019-02-05 	21:34:52	20.05	27.65	13.85	240	28	13	0	0	0
758	2019-02-05 	21:34:53	20.11	27.67	14.39	146	29	14	0	0	0
759	2019-02-05 	21:34:54	20.11	27.67	14.43	141	28	13	0	0	0
760	2019-02-05 	21:34:55	20.11	27.65	14.43	141	28	14	0	0	0
761	2019-02-05 	21:34:56	20.05	27.65	14.15	182	28	15	0	0	0
762	2019-02-05 	21:34:57	20.09	27.67	14.07	196	29	14	0	0	0
763	2019-02-05 	21:34:58	20.05	27.65	13.9	229	29	13	0	0	0
764	2019-02-05 	21:34:59	20.09	27.65	13.95	219	29	13	0	0	0
765	2019-02-05 	21:35:00	20.09	27.67	14.05	200	28	13	0	0	0
766	2019-02-05 	21:35:01	20.05	27.65	14.4	145	28	13	0	0	0
767	2019-02-05 	21:35:02	19.99	27.65	13.93	223	28	14	0	0	0
768	2019-02-05 	21:35:03	20.09	27.67	13.89	231	28	12	0	0	0
769	2019-02-05 	21:35:04	20.01	27.61	13.83	244	29	14	0	0	0
770	2019-02-05 	21:35:05	19.95	27.65	14.07	196	29	13	0	0	0
771	2019-02-05 	21:35:06	19.99	27.67	13.93	223	28	14	0	0	0
772	2019-02-05 	21:35:07	19.95	27.65	14.43	141	29	12	0	0	0
773	2019-02-05 	21:35:08	19.89	27.67	14.24	167	29	13	0	0	0
774	2019-02-05 	21:35:09	19.93	27.65	14.02	205	29	14	0	0	0
775	2019-02-05 	21:35:10	19.95	27.63	13.89	231	29	12	0	0	0
776	2019-02-05 	21:35:11	19.95	27.63	13.82	247	29	12	0	0	0
777	2019-02-05 	21:35:12	19.99	27.65	13.89	231	28	14	0	0	0
778	2019-02-05 	21:35:13	20.01	27.67	14.3	158	28	12	0	0	0
779	2019-02-05 	21:35:14	20.05	27.67	13.91	227	28	13	0	0	0
780	2019-02-05 	21:35:15	20.05	27.65	13.82	247	29	14	0	0	0
781	2019-02-05 	21:35:16	20.01	27.65	13.83	244	29	13	0	0	0
782	2019-02-05 	21:35:17	20.01	27.63	13.83	244	28	13	0	0	0
783	2019-02-05 	21:35:18	20.05	27.65	14.3	158	29	13	0	0	0
784	2019-02-05 	21:35:19	20.01	27.65	14.37	149	28	13	0	0	0
785	2019-02-05 	21:35:20	20.05	27.65	14.01	207	28	14	0	0	0
786	2019-02-05 	21:35:21	20.05	27.65	14.13	185	29	13	0	0	0
787	2019-02-05 	21:35:22	20.09	27.67	13.95	219	29	13	0	0	0
788	2019-02-05 	21:35:23	20.05	27.65	14.32	156	28	13	0	0	0
789	2019-02-05 	21:35:24	19.99	27.67	14.19	175	28	13	0	0	0
790	2019-02-05 	21:35:25	19.99	27.67	14.02	205	29	13	0	0	0
791	2019-02-05 	21:35:26	19.95	27.67	13.85	240	28	13	0	0	0
792	2019-02-05 	21:35:27	20.05	27.65	13.83	244	28	13	0	0	0
793	2019-02-05 	21:35:28	20.05	27.69	13.85	240	29	13	0	0	0
794	2019-02-05 	21:35:29	20.05	27.67	13.85	240	29	14	0	0	0
795	2019-02-05 	21:35:30	19.99	27.67	14.42	142	28	14	0	0	0
796	2019-02-05 	21:35:31	19.95	27.67	14.42	142	29	14	0	0	0
797	2019-02-05 	21:35:32	19.95	27.65	14.32	156	28	13	0	0	0
798	2019-02-05 	21:35:33	20.01	27.67	13.91	227	29	14	0	0	0
799	2019-02-05 	21:35:34	19.93	27.67	13.94	221	29	14	0	0	0
800	2019-02-05 	21:35:35	19.99	27.65	13.88	233	29	13	0	0	0
801	2019-02-05 	21:35:36	19.95	27.67	14.15	182	28	13	0	0	0
802	2019-02-05 	21:35:37	19.93	27.65	14.41	143	29	13	0	0	0
803	2019-02-05 	21:35:38	19.99	27.65	14.42	142	28	12	0	0	0
804	2019-02-05 	21:35:39	19.95	27.67	13.92	225	29	14	0	0	0
805	2019-02-05 	21:35:40	19.95	27.63	14.2	174	28	12	0	0	0
806	2019-02-05 	21:35:41	19.95	27.65	13.87	236	28	14	0	0	0
807	2019-02-05 	21:35:42	19.95	27.67	14.01	207	29	14	0	0	0
808	2019-02-05 	21:35:43	19.93	27.67	14.35	151	28	15	0	0	0
809	2019-02-05 	21:35:45	20.05	27.65	13.88	233	29	13	0	0	0
810	2019-02-05 	21:35:46	20.01	27.65	13.99	211	29	15	0	0	0
811	2019-02-05 	21:35:47	19.95	27.63	13.82	247	28	13	0	0	0
812	2019-02-05 	21:35:48	19.95	27.65	13.82	247	29	13	0	0	0
813	2019-02-05 	21:35:49	19.99	27.59	14.03	203	29	13	0	0	0
814	2019-02-05 	21:35:50	19.95	27.65	14.32	156	28	14	0	0	0
815	2019-02-05 	21:35:51	19.99	27.65	14.35	151	29	14	0	0	0
816	2019-02-05 	21:35:52	20.01	27.67	14.09	192	28	13	0	0	0
817	2019-02-05 	21:35:53	19.95	27.65	13.91	227	28	14	0	0	0
818	2019-02-05 	21:35:54	20.01	27.63	13.84	242	29	14	0	0	0
819	2019-02-05 	21:35:55	20.05	27.63	14.26	164	28	13	0	0	0
820	2019-02-05 	21:35:56	19.99	27.65	14.27	163	28	13	0	0	0
821	2019-02-05 	21:35:57	20.05	27.65	14.12	187	28	13	0	0	0
822	2019-02-05 	21:35:58	20.01	27.61	13.92	225	28	14	0	0	0
823	2019-02-05 	21:35:59	20.09	27.65	14.15	182	29	14	0	0	0
824	2019-02-05 	21:36:00	20.05	27.65	13.88	233	29	14	0	0	0
825	2019-02-05 	21:36:02	20.01	27.67	14.32	156	28	13	0	0	0
826	2019-02-05 	21:36:03	20.01	27.63	14.36	150	29	14	0	0	0
827	2019-02-05 	21:36:04	20.05	27.67	14.25	166	29	14	0	0	0
828	2019-02-05 	21:36:06	20.01	27.63	13.86	238	29	14	0	0	0
829	2019-02-05 	21:36:07	20.05	27.65	13.85	240	28	13	0	0	0
830	2019-02-05 	21:36:08	20.05	27.65	14.04	201	29	14	0	0	0
831	2019-02-05 	21:36:09	20.09	27.65	14.43	141	29	14	0	0	0
832	2019-02-05 	21:36:10	20.05	27.65	14.06	198	29	13	0	0	0
833	2019-02-05 	21:36:11	20.11	27.63	13.98	213	29	13	0	0	0
834	2019-02-05 	21:36:12	20.05	27.65	13.88	233	29	13	0	0	0
835	2019-02-05 	21:36:13	20.11	27.65	13.94	221	29	13	0	0	0
836	2019-02-05 	21:36:14	20.09	27.65	13.82	247	29	12	0	0	0
837	2019-02-05 	21:36:15	20.05	27.65	13.94	221	29	13	0	0	0
838	2019-02-05 	21:36:16	20.09	27.65	14.4	145	29	13	0	0	0
839	2019-02-05 	21:36:17	20.01	27.65	14.21	172	29	13	0	0	0
840	2019-02-05 	21:36:18	20.09	27.67	14.31	157	29	13	0	0	0
841	2019-02-05 	21:36:20	20.05	27.65	13.94	221	29	13	0	0	0
842	2019-02-05 	21:36:21	20.01	27.67	13.83	244	28	13	0	0	0
843	2019-02-05 	21:36:22	20.01	27.67	14.27	163	29	14	0	0	0
844	2019-02-05 	21:36:23	20.01	27.65	14.19	175	29	14	0	0	0
845	2019-02-05 	21:36:24	20.05	27.63	14.2	174	29	14	0	0	0
846	2019-02-05 	21:36:25	20.01	27.67	13.99	211	29	13	0	0	0
847	2019-02-05 	21:36:26	19.99	27.63	13.85	240	28	13	0	0	0
848	2019-02-05 	21:36:27	19.99	27.63	13.82	247	28	14	0	0	0
849	2019-02-05 	21:36:28	19.99	27.63	13.82	247	28	13	0	0	0
850	2019-02-05 	21:36:29	20.09	27.67	13.82	247	28	13	0	0	0
851	2019-02-05 	21:36:30	20.01	27.65	14.25	166	29	13	0	0	0
852	2019-02-05 	21:36:31	19.99	27.65	14.21	172	29	14	0	0	0
853	2019-02-05 	21:36:32	20.05	27.67	14.31	157	29	15	0	0	0
854	2019-02-05 	21:36:33	20.05	27.65	14.01	207	29	13	0	0	0
855	2019-02-05 	21:36:34	20.05	27.69	13.83	244	29	14	0	0	0
856	2019-02-05 	21:36:35	20.05	27.63	13.9	229	29	13	0	0	0
857	2019-02-05 	21:36:36	20.05	27.67	13.9	229	28	13	0	0	0
858	2019-02-05 	21:36:37	20.01	27.69	14.25	166	29	13	0	0	0
859	2019-02-05 	21:36:38	20.01	27.67	14.42	142	29	13	0	0	0
860	2019-02-05 	21:36:39	20.01	27.65	14.44	139	29	13	0	0	0
861	2019-02-05 	21:36:40	20.05	27.67	14.38	147	28	13	0	0	0
862	2019-02-05 	21:36:41	20.01	27.65	14.2	174	28	15	0	0	0
863	2019-02-05 	21:36:42	20.05	27.67	13.95	219	29	14	0	0	0
864	2019-02-05 	21:36:43	20.05	27.67	13.83	244	28	14	0	0	0
865	2019-02-05 	21:36:45	20.05	27.67	14.44	139	28	14	0	0	0
866	2019-02-05 	21:36:46	20.01	27.65	14.09	192	28	13	0	0	0
867	2019-02-05 	21:36:47	20.09	27.67	14.4	145	29	13	0	0	0
868	2019-02-05 	21:36:48	20.05	27.67	13.94	221	28	13	0	0	0
869	2019-02-05 	21:36:49	20.11	27.67	13.84	242	28	13	0	0	0
870	2019-02-05 	21:36:50	20.01	27.65	13.89	231	28	14	0	0	0
871	2019-02-05 	21:36:51	20.05	27.65	13.84	242	28	13	0	0	0
872	2019-02-05 	21:36:52	20.01	27.65	14.16	180	28	14	0	0	0
873	2019-02-05 	21:36:53	20.01	27.63	14.42	142	29	13	0	0	0
874	2019-02-05 	21:36:54	19.99	27.65	14.44	139	28	13	0	0	0
875	2019-02-05 	21:36:55	20.05	27.67	14.21	172	28	13	0	0	0
876	2019-02-05 	21:36:57	19.99	27.65	13.83	244	29	13	0	0	0
877	2019-02-05 	21:36:58	19.99	27.65	14	209	29	13	0	0	0
878	2019-02-05 	21:36:59	19.95	27.63	14	209	29	14	0	0	0
879	2019-02-05 	21:37:00	20.05	27.67	14.41	143	29	12	0	0	0
880	2019-02-05 	21:37:01	20.01	27.67	14.4	145	28	14	0	0	0
881	2019-02-05 	21:37:03	20.01	27.65	14.04	201	29	14	0	0	0
882	2019-02-05 	21:37:04	20.01	27.63	13.84	242	29	14	0	0	0
883	2019-02-05 	21:37:06	20.11	27.65	14.4	145	28	14	0	0	0
884	2019-02-05 	21:37:07	19.99	27.65	14.3	158	28	12	0	0	0
885	2019-02-05 	21:37:08	20.05	27.67	14.43	141	28	13	0	0	0
886	2019-02-05 	21:37:09	20.01	27.65	14.14	184	28	13	0	0	0
887	2019-02-05 	21:37:10	20.05	27.63	13.98	213	29	13	0	0	0
888	2019-02-05 	21:37:11	20.05	27.67	13.85	240	29	13	0	0	0
889	2019-02-05 	21:37:12	20.01	27.67	13.83	244	28	14	0	0	0
890	2019-02-05 	21:37:13	20.09	27.65	14.21	172	29	14	0	0	0
891	2019-02-05 	21:37:14	20.01	27.67	14.3	158	28	13	0	0	0
892	2019-02-05 	21:37:15	19.99	27.63	14.34	153	29	13	0	0	0
893	2019-02-05 	21:37:17	20.05	27.67	13.84	242	29	13	0	0	0
894	2019-02-05 	21:37:18	19.99	27.67	13.97	215	29	14	0	0	0
895	2019-02-05 	21:37:19	19.99	27.65	13.83	244	28	13	0	0	0
896	2019-02-05 	21:37:20	20.05	27.67	14.28	161	29	13	0	0	0
897	2019-02-05 	21:37:21	20.05	27.65	14.15	182	29	14	0	0	0
898	2019-02-05 	21:37:22	20.01	27.65	14.45	138	29	14	0	0	0
899	2019-02-05 	21:37:23	20.05	27.69	14.3	158	28	14	0	0	0
900	2019-02-05 	21:37:24	20.05	27.69	14.2	174	29	14	0	0	0
901	2019-02-05 	21:37:25	19.99	27.69	13.83	244	28	14	0	0	0
902	2019-02-05 	21:37:26	20.01	27.67	13.87	236	29	14	0	0	0
903	2019-02-05 	21:37:27	20.09	27.69	13.87	236	29	15	0	0	0
904	2019-02-05 	21:37:29	20.05	27.67	14.43	141	29	13	0	0	0
905	2019-02-05 	21:37:30	20.01	27.67	14.4	145	29	15	0	0	0
906	2019-02-05 	21:37:31	20.05	27.67	14.17	179	29	15	0	0	0
907	2019-02-05 	21:37:32	19.99	27.65	14.34	153	29	14	0	0	0
908	2019-02-05 	21:37:33	20.01	27.65	13.86	238	29	13	0	0	0
909	2019-02-05 	21:37:34	20.01	27.67	13.89	231	29	15	0	0	0
910	2019-02-05 	21:37:35	19.99	27.65	13.87	236	28	14	0	0	0
911	2019-02-05 	21:37:36	20.09	27.67	13.84	242	29	14	0	0	0
912	2019-02-05 	21:37:37	20.05	27.65	14.08	194	29	12	0	0	0
913	2019-02-05 	21:37:38	19.99	27.67	14.42	142	28	14	0	0	0
914	2019-02-05 	21:37:39	20.01	27.65	14.39	146	28	13	0	0	0
915	2019-02-05 	21:37:40	20.01	27.69	13.99	211	29	13	0	0	0
916	2019-02-05 	21:37:41	20.01	27.67	13.84	242	29	13	0	0	0
917	2019-02-05 	21:37:42	19.95	27.67	13.86	238	29	13	0	0	0
918	2019-02-05 	21:37:43	19.99	27.65	13.94	221	28	13	0	0	0
919	2019-02-05 	21:37:44	19.99	27.65	13.84	242	28	14	0	0	0
920	2019-02-05 	21:37:45	19.99	27.69	13.98	213	28	12	0	0	0
921	2019-02-05 	21:37:46	19.99	27.67	14.36	150	28	14	0	0	0
922	2019-02-05 	21:37:47	20.01	27.69	14.33	154	28	13	0	0	0
923	2019-02-05 	21:37:48	19.99	27.67	14.39	146	29	13	0	0	0
924	2019-02-05 	21:37:49	19.99	27.65	13.84	242	28	14	0	0	0
925	2019-02-05 	21:37:51	20.09	27.69	13.85	240	29	14	0	0	0
926	2019-02-05 	21:37:52	20.01	27.67	14.21	172	28	13	0	0	0
927	2019-02-05 	21:37:53	20.01	27.69	14.04	201	28	14	0	0	0
928	2019-02-05 	21:37:54	20.01	27.69	14.41	143	29	12	0	0	0
929	2019-02-05 	21:37:55	20.05	27.69	14.26	164	28	15	0	0	0
930	2019-02-05 	21:37:56	20.05	27.67	14.35	151	28	14	0	0	0
931	2019-02-05 	21:37:57	20.05	27.67	13.9	229	29	13	0	0	0
932	2019-02-05 	21:37:58	20.01	27.67	13.86	238	29	15	0	0	0
933	2019-02-05 	21:37:59	20.01	27.67	14.16	180	29	12	0	0	0
934	2019-02-05 	21:38:00	20.01	27.67	14.27	163	29	14	0	0	0
935	2019-02-05 	21:38:02	20.01	27.69	14.22	171	28	13	0	0	0
936	2019-02-05 	21:38:03	20.11	27.69	14.3	158	28	13	0	0	0
937	2019-02-05 	21:38:04	19.99	27.65	13.87	236	28	12	0	0	0
938	2019-02-05 	21:38:05	19.99	27.65	13.86	238	29	14	0	0	0
939	2019-02-05 	21:38:06	20.05	27.67	13.86	238	28	13	0	0	0
940	2019-02-05 	21:38:08	19.95	27.67	14.27	163	28	14	0	0	0
941	2019-02-05 	21:38:09	20.09	27.67	14.27	163	28	14	0	0	0
942	2019-02-05 	21:38:10	20.05	27.69	14.06	198	29	14	0	0	0
943	2019-02-05 	21:38:11	20.05	27.69	14.07	196	28	13	0	0	0
944	2019-02-05 	21:38:12	20.01	27.67	13.89	231	29	13	0	0	0
945	2019-02-05 	21:38:13	20.05	27.67	13.98	213	29	13	0	0	0
946	2019-02-05 	21:38:14	20.09	27.67	13.87	236	28	14	0	0	0
947	2019-02-05 	21:38:15	19.99	27.67	13.84	242	28	14	0	0	0
948	2019-02-05 	21:38:16	20.01	27.67	13.86	238	28	13	0	0	0
949	2019-02-05 	21:38:17	20.01	27.67	14.43	141	28	14	0	0	0
950	2019-02-05 	21:38:18	20.01	27.69	14.26	164	29	13	0	0	0
951	2019-02-05 	21:38:19	20.05	27.69	14.33	154	29	14	0	0	0
952	2019-02-05 	21:38:21	20.01	27.67	13.84	242	28	14	0	0	0
953	2019-02-05 	21:38:22	20.01	27.67	13.9	229	29	14	0	0	0
954	2019-02-05 	21:38:23	20.09	27.67	13.84	242	29	14	0	0	0
955	2019-02-05 	21:38:24	20.01	27.69	14.07	196	28	14	0	0	0
956	2019-02-05 	21:38:25	19.99	27.67	14.02	205	28	14	0	0	0
957	2019-02-05 	21:38:26	20.01	27.67	14.44	139	28	12	0	0	0
958	2019-02-05 	21:38:27	19.99	27.67	14.45	138	28	13	0	0	0
959	2019-02-05 	21:38:28	20.01	27.67	14	209	29	13	0	0	0
960	2019-02-05 	21:38:29	20.01	27.69	14.34	153	28	13	0	0	0
961	2019-02-05 	21:38:30	20.01	27.67	13.88	233	29	15	0	0	0
962	2019-02-05 	21:38:31	20.01	27.69	13.94	221	29	13	0	0	0
963	2019-02-05 	21:38:32	19.99	27.67	13.85	240	28	13	0	0	0
964	2019-02-05 	21:38:33	20.01	27.67	14	209	28	13	0	0	0
965	2019-02-05 	21:38:34	20.09	27.69	14.43	141	28	12	0	0	0
966	2019-02-05 	21:38:35	20.05	27.69	14.23	169	28	13	0	0	0
967	2019-02-05 	21:38:36	20.05	27.67	14.42	142	29	14	0	0	0
968	2019-02-05 	21:38:38	20.01	27.67	13.84	242	29	13	0	0	0
969	2019-02-05 	21:38:39	20.05	27.69	13.99	211	28	13	0	0	0
970	2019-02-05 	21:38:40	20.09	27.67	13.95	219	29	13	0	0	0
971	2019-02-05 	21:38:41	19.99	27.67	14.44	139	28	13	0	0	0
972	2019-02-05 	21:38:42	20.01	27.69	14.4	145	28	14	0	0	0
973	2019-02-05 	21:38:43	20.05	27.69	14.32	156	29	13	0	0	0
974	2019-02-05 	21:38:44	20.05	27.69	14.11	189	28	14	0	0	0
975	2019-02-05 	21:38:45	20.01	27.69	14.11	189	29	13	0	0	0
976	2019-02-05 	21:38:46	19.99	27.67	13.85	240	29	13	0	0	0
977	2019-02-05 	21:38:47	19.99	27.67	13.87	236	29	13	0	0	0
978	2019-02-05 	21:38:48	20.01	27.67	14.02	205	29	13	0	0	0
979	2019-02-05 	21:38:49	20.01	27.69	14.33	154	29	13	0	0	0
980	2019-02-05 	21:38:50	20.01	27.69	14.33	154	28	13	0	0	0
981	2019-02-05 	21:38:51	19.95	27.69	14.25	166	29	13	0	0	0
982	2019-02-05 	21:38:52	20.05	27.67	14.05	200	29	13	0	0	0
983	2019-02-05 	21:38:53	20.01	27.69	13.92	225	28	15	0	0	0
984	2019-02-05 	21:38:54	19.99	27.67	13.85	240	29	13	0	0	0
985	2019-02-05 	21:38:55	20.01	27.69	14.34	153	28	13	0	0	0
986	2019-02-05 	21:38:56	20.01	27.69	14.45	138	29	13	0	0	0
987	2019-02-05 	21:38:57	19.99	27.67	14.24	167	28	14	0	0	0
988	2019-02-05 	21:38:58	20.01	27.69	13.87	236	29	13	0	0	0
989	2019-02-05 	21:38:59	19.99	27.69	13.92	225	28	13	0	0	0
990	2019-02-05 	21:39:00	20.01	27.69	13.84	242	29	13	0	0	0
991	2019-02-05 	21:39:01	20.01	27.69	14.37	149	29	14	0	0	0
992	2019-02-05 	21:39:02	19.99	27.67	14.39	146	29	14	0	0	0
993	2019-02-05 	21:39:03	20.05	27.69	13.91	227	29	14	0	0	0
994	2019-02-05 	21:39:04	20.05	27.71	13.84	242	29	14	0	0	0
995	2019-02-05 	21:39:05	20.01	27.69	13.88	233	29	14	0	0	0
996	2019-02-05 	21:39:06	20.05	27.71	13.96	217	29	13	0	0	0
997	2019-02-05 	21:39:07	19.99	27.65	13.94	221	28	12	0	0	0
998	2019-02-05 	21:39:08	19.99	27.69	14.44	139	28	13	0	0	0
999	2019-02-05 	21:39:09	19.99	27.67	14.23	169	28	12	0	0	0
1000	2019-02-05 	21:39:10	20.05	27.71	13.9	229	29	13	0	0	0
1001	2019-02-05 	21:39:11	20.01	27.69	13.87	236	28	14	0	0	0
1002	2019-02-05 	21:39:12	20.01	27.69	13.9	229	29	13	0	0	0
1003	2019-02-05 	21:39:13	20.05	27.71	13.85	240	29	13	0	0	0
1004	2019-02-05 	21:39:14	19.99	27.67	14.31	157	28	14	0	0	0
1005	2019-02-05 	21:39:15	19.99	27.71	14.37	149	28	14	0	0	0
1006	2019-02-05 	21:39:18	19.99	27.67	13.83	244	28	14	0	0	0
1007	2019-02-05 	21:39:19	20.05	27.67	13.86	238	28	13	0	0	0
1008	2019-02-05 	21:39:20	20.01	27.71	14.42	142	28	13	0	0	0
1009	2019-02-05 	21:39:21	20.05	27.71	14.44	139	29	14	0	0	0
1010	2019-02-05 	21:39:22	20.09	27.71	14.44	139	28	13	0	0	0
1011	2019-02-05 	21:39:23	20.01	27.67	13.96	217	28	14	0	0	0
1012	2019-02-05 	21:39:24	20.01	27.69	14.03	203	29	14	0	0	0
1013	2019-02-05 	21:39:25	20.05	27.69	14.01	207	29	13	0	0	0
1014	2019-02-05 	21:39:26	19.99	27.67	13.97	215	29	14	0	0	0
1015	2019-02-05 	21:39:27	20.01	27.69	14.17	179	28	13	0	0	0
1016	2019-02-05 	21:39:28	19.99	27.69	14.45	138	28	13	0	0	0
1017	2019-02-05 	21:39:29	20.01	27.69	14.25	166	28	14	0	0	0
1018	2019-02-05 	21:39:30	20.01	27.67	14.42	142	28	13	0	0	0
1019	2019-02-05 	21:39:32	20.05	27.69	13.86	238	29	13	0	0	0
1020	2019-02-05 	21:39:33	20.01	27.69	13.89	231	29	13	0	0	0
1021	2019-02-05 	21:39:34	20.01	27.71	13.87	236	28	14	0	0	0
1022	2019-02-05 	21:39:35	20.05	27.69	14.4	145	29	12	0	0	0
1023	2019-02-05 	21:39:36	20.09	27.69	14.32	156	29	13	0	0	0
1024	2019-02-05 	21:39:37	20.05	27.71	14.25	166	29	13	0	0	0
1025	2019-02-05 	21:39:39	20.05	27.67	13.86	238	28	13	0	0	0
1026	2019-02-05 	21:39:40	20.05	27.69	13.84	242	28	14	0	0	0
1027	2019-02-05 	21:39:41	20.01	27.69	13.95	219	29	14	0	0	0
1028	2019-02-05 	21:39:43	19.99	27.69	14.37	149	29	13	0	0	0
1029	2019-02-05 	21:39:44	20.01	27.69	14.4	145	29	12	0	0	0
1030	2019-02-05 	21:39:45	19.93	27.67	14.31	157	29	14	0	0	0
1031	2019-02-05 	21:39:46	19.99	27.69	14.23	169	29	12	0	0	0
1032	2019-02-05 	21:39:47	20.01	27.67	14.01	207	29	14	0	0	0
1033	2019-02-05 	21:39:48	20.01	27.69	13.93	223	29	13	0	0	0
1034	2019-02-05 	21:39:50	19.99	27.69	13.91	227	29	13	0	0	0
1035	2019-02-05 	21:39:51	20.01	27.67	14.44	139	29	13	0	0	0
1036	2019-02-05 	21:39:52	19.99	27.67	14.21	172	28	13	0	0	0
1037	2019-02-05 	21:39:53	20.01	27.69	14.02	205	28	13	0	0	0
1038	2019-02-05 	21:39:54	20.01	27.69	13.88	233	28	13	0	0	0
1039	2019-02-05 	21:39:55	20.01	27.69	13.85	240	28	14	0	0	0
1040	2019-02-05 	21:39:56	20.05	27.71	14.03	203	29	13	0	0	0
1041	2019-02-05 	21:39:58	19.99	27.69	14.43	141	29	13	0	0	0
1042	2019-02-05 	21:39:59	20.05	27.69	14.24	167	29	14	0	0	0
1043	2019-02-05 	21:40:00	19.99	27.67	14.02	205	28	13	0	0	0
1044	2019-02-05 	21:40:01	20.01	27.69	14.04	201	28	14	0	0	0
1045	2019-02-05 	21:40:04	19.99	27.67	13.93	223	28	14	0	0	0
1046	2019-02-05 	21:40:05	19.99	27.71	14.37	149	29	13	0	0	0
1047	2019-02-05 	21:40:06	19.99	27.69	13.95	219	28	12	0	0	0
1048	2019-02-05 	21:40:07	20.01	27.67	13.96	217	28	14	0	0	0
1049	2019-02-05 	21:40:08	20.01	27.69	13.81	249	28	14	0	0	0
1050	2019-02-05 	21:40:09	20.01	27.69	13.82	247	29	13	0	0	0
1051	2019-02-05 	21:40:10	19.99	27.69	13.92	225	28	13	0	0	0
1052	2019-02-05 	21:40:11	20.05	27.71	14.35	151	29	13	0	0	0
1053	2019-02-05 	21:40:12	20.05	27.69	14.41	143	29	13	0	0	0
1054	2019-02-05 	21:40:13	20.01	27.69	14.37	149	28	14	0	0	0
1055	2019-02-05 	21:40:14	19.99	27.69	14.12	187	28	14	0	0	0
1056	2019-02-05 	21:40:15	19.99	27.67	14.19	175	28	13	0	0	0
1057	2019-02-05 	21:40:16	20.01	27.69	13.83	244	28	14	0	0	0
1058	2019-02-05 	21:40:18	19.99	27.67	14.31	157	28	14	0	0	0
1059	2019-02-05 	21:40:20	19.99	27.69	14.19	175	29	12	0	0	0
1060	2019-02-05 	21:40:21	20.01	27.69	14.33	154	29	13	0	0	0
1061	2019-02-05 	21:40:22	19.99	27.69	13.92	225	29	14	0	0	0
1062	2019-02-05 	21:40:23	19.95	27.67	13.82	247	28	13	0	0	0
1063	2019-02-05 	21:40:24	19.99	27.67	13.9	229	28	13	0	0	0
1064	2019-02-05 	21:40:25	19.99	27.69	13.82	247	28	13	0	0	0
1065	2019-02-05 	21:40:26	20.01	27.67	14.1	191	29	13	0	0	0
1066	2019-02-05 	21:40:27	19.95	27.65	14.36	150	28	13	0	0	0
1067	2019-02-05 	21:40:28	19.99	27.69	14.2	174	29	13	0	0	0
1068	2019-02-05 	21:40:29	20.01	27.71	13.9	229	28	15	0	0	0
1069	2019-02-05 	21:40:30	20.01	27.67	13.82	247	28	14	0	0	0
1070	2019-02-05 	21:40:34	20.01	27.69	14.42	142	28	14	0	0	0
1071	2019-02-05 	21:40:35	20.01	27.67	13.91	227	29	13	0	0	0
1072	2019-02-05 	21:40:36	20.01	27.69	13.91	227	29	14	0	0	0
1073	2019-02-05 	21:40:37	20.01	27.67	13.83	244	28	15	0	0	0
1074	2019-02-05 	21:40:38	19.99	27.67	13.84	242	29	13	0	0	0
1075	2019-02-05 	21:40:39	19.99	27.67	13.87	236	28	15	0	0	0
1076	2019-02-05 	21:40:40	19.99	27.71	14.16	180	28	14	0	0	0
1077	2019-02-05 	21:40:41	19.95	27.69	14.42	142	28	13	0	0	0
1078	2019-02-05 	21:40:42	20.05	27.67	14.38	147	29	13	0	0	0
1079	2019-02-05 	21:40:43	19.99	27.67	13.94	221	29	13	0	0	0
1080	2019-02-05 	21:40:44	20.01	27.69	13.91	227	28	13	0	0	0
1081	2019-02-05 	21:40:45	20.01	27.69	13.86	238	29	14	0	0	0
1082	2019-02-05 	21:40:46	20.01	27.69	14.35	151	28	13	0	0	0
1083	2019-02-05 	21:40:47	19.99	27.67	14.2	174	29	13	0	0	0
1084	2019-02-05 	21:40:48	20.01	27.69	14.2	174	29	13	0	0	0
1085	2019-02-05 	21:40:49	20.01	27.69	13.86	238	29	13	0	0	0
1086	2019-02-05 	21:40:50	19.99	27.69	13.87	236	28	13	0	0	0
1087	2019-02-05 	21:40:51	20.05	27.71	13.98	213	28	13	0	0	0
1088	2019-02-05 	21:40:52	20.05	27.69	13.86	238	29	13	0	0	0
1089	2019-02-05 	21:40:53	20.01	27.69	14.37	149	28	14	0	0	0
1090	2019-02-05 	21:40:54	19.99	27.69	14.27	163	28	14	0	0	0
1091	2019-02-05 	21:40:55	20.01	27.69	14.32	156	28	13	0	0	0
1092	2019-02-05 	21:40:57	19.99	27.69	13.85	240	28	14	0	0	0
1093	2019-02-05 	21:40:58	20.01	27.69	13.89	231	29	14	0	0	0
1094	2019-02-05 	21:40:59	19.99	27.69	14.44	139	28	13	0	0	0
1095	2019-02-05 	21:41:00	19.95	27.69	14.43	141	28	12	0	0	0
1096	2019-02-05 	21:41:01	19.99	27.71	13.89	231	28	14	0	0	0
1097	2019-02-05 	21:41:02	20.01	27.69	13.93	223	28	13	0	0	0
1098	2019-02-05 	21:41:03	19.99	27.67	13.84	242	29	13	0	0	0
1099	2019-02-05 	21:41:04	19.99	27.71	14.15	182	29	13	0	0	0
1100	2019-02-05 	21:41:05	19.99	27.67	14.11	189	29	12	0	0	0
1101	2019-02-05 	21:41:06	19.99	27.67	14.38	147	29	13	0	0	0
1102	2019-02-05 	21:41:07	20.05	27.69	13.88	233	28	13	0	0	0
1103	2019-02-05 	21:41:08	20.09	27.67	14.02	205	29	13	0	0	0
1104	2019-02-05 	21:41:09	19.99	27.69	13.85	240	28	14	0	0	0
1105	2019-02-05 	21:41:10	20.09	27.69	13.88	233	29	14	0	0	0
1106	2019-02-05 	21:41:11	20.05	27.71	14.35	151	28	14	0	0	0
1107	2019-02-05 	21:41:12	20.01	27.69	14.33	154	29	14	0	0	0
1108	2019-02-05 	21:41:13	19.99	27.69	13.87	236	28	12	0	0	0
1109	2019-02-05 	21:41:14	19.99	27.67	14.03	203	29	13	0	0	0
1110	2019-02-05 	21:41:15	20.05	27.67	13.83	244	28	13	0	0	0
1111	2019-02-05 	21:41:16	20.05	27.69	14.15	182	28	13	0	0	0
1112	2019-02-05 	21:41:17	20.01	27.69	14.33	154	29	15	0	0	0
1113	2019-02-05 	21:41:18	20.01	27.69	14.36	150	28	14	0	0	0
1114	2019-02-05 	21:41:20	19.95	27.69	13.84	242	28	12	0	0	0
1115	2019-02-05 	21:41:21	20.01	27.69	13.9	229	28	14	0	0	0
1116	2019-02-05 	21:41:22	19.99	27.67	14.44	139	29	13	0	0	0
1117	2019-02-05 	21:41:23	20.01	27.69	14.19	175	28	14	0	0	0
1118	2019-02-05 	21:41:25	19.95	27.69	13.83	244	29	12	0	0	0
1119	2019-02-05 	21:41:26	19.95	27.69	13.91	227	29	14	0	0	0
1120	2019-02-05 	21:41:27	20.01	27.69	13.87	236	28	14	0	0	0
1121	2019-02-05 	21:41:28	19.95	27.69	14.34	153	29	13	0	0	0
1122	2019-02-05 	21:41:30	20.01	27.69	14.28	161	29	13	0	0	0
1123	2019-02-05 	21:41:31	19.99	27.67	13.98	213	28	13	0	0	0
1124	2019-02-05 	21:41:33	20.01	27.67	13.86	238	28	13	0	0	0
1125	2019-02-05 	21:41:34	20.01	27.69	14.47	136	28	12	0	0	0
1126	2019-02-05 	21:41:36	19.99	27.69	15.24	66.681	29	12	0	0	0
1127	2019-02-05 	21:41:37	21.05	27.69	14.53	128	28	14	0	0	0
1128	2019-02-05 	21:41:38	21.23	27.67	14.19	175	28	13	0	0	0
1129	2019-02-05 	21:41:39	21.43	27.67	14.26	164	28	15	0	0	0
1130	2019-02-05 	21:41:40	21.55	27.67	14.7	110	28	13	0	0	0
1131	2019-02-05 	21:41:41	21.45	27.67	14.73	107	29	13	0	0	0
1132	2019-02-05 	21:41:42	21.51	27.69	14.73	107	29	13	0	0	0
