#	19.8	T IR	T Sens	Mag  	Hz   	Alt	Azi  	Lat    	Lon   	SL m
1	2018-10-03 	22:09:29	5.11	23.43	17.21	10.864	23	2	40:25:4,99242	-3:33:10,74802	701
2	2018-10-03 	22:09:30	5.07	23.43	17.22	10.765	23	3	40:25:4,98767	-3:33:10,75882	701
3	2018-10-03 	22:09:31	5.19	23.39	17.21	10.864	22	0	40:25:4,9917	-3:33:10,77797	701
4	2018-10-03 	22:09:32	5.11	23.41	17.22	10.765	23	1	40:25:4,99706	-3:33:10,79712	700
5	2018-10-03 	22:09:33	5.49	23.39	17.23	10.666	22	358	40:25:5,00952	-3:33:10,80425	700
6	2018-10-03 	22:09:34	5.59	23.43	17.22	10.765	22	358	40:25:5,01935	-3:33:10,80832	701
7	2018-10-03 	22:09:36	5.55	23.39	17.23	10.666	22	358	40:25:5,04253	-3:33:10,8113	701
8	2018-10-03 	22:09:37	5.55	23.39	17.23	10.666	22	359	40:25:5,03209	-3:33:10,80972	702
9	2018-10-03 	22:09:38	-0.15	23.37	17.23	10.666	39	358	40:25:5,03551	-3:33:10,80806	702
10	2018-10-03 	22:09:39	-0.15	23.39	17.48	8.472	39	357	40:25:5,01643	-3:33:10,80875	701
11	2018-10-03 	22:09:40	-0.69	23.35	17.49	8.395	41	358	40:25:5,00189	-3:33:10,81188	701
12	2018-10-03 	22:09:41	-0.65	23.37	17.51	8.241	41	358	40:25:4,99145	-3:33:10,81742	702
13	2018-10-03 	22:09:42	-0.69	23.31	17.51	8.241	41	357	40:25:4,98612	-3:33:10,83218	702
14	2018-10-03 	22:09:43	-0.61	23.35	17.51	8.241	41	357	40:25:4,97708	-3:33:10,84342	702
15	2018-10-03 	22:09:44	-0.69	23.37	17.51	8.241	41	357	40:25:4,96772	-3:33:10,8409	701
16	2018-10-03 	22:09:45	-0.73	23.35	17.51	8.241	41	2	40:25:4,9624	-3:33:10,84237	701
17	2018-10-03 	22:09:46	-0.77	23.35	17.52	8.166	41	2	40:25:4,96027	-3:33:10,83751	702
18	2018-10-03 	22:09:47	-0.77	23.29	17.52	8.166	41	2	40:25:4,95988	-3:33:10,83182	701
19	2018-10-03 	22:09:48	-7.23	23.27	17.52	8.166	61	5	40:25:4,95541	-3:33:10,82819	701
20	2018-10-03 	22:09:49	-7.61	23.29	17.8	6.31	61	0	40:25:4,94904	-3:33:10,82419	701
21	2018-10-03 	22:09:50	-7.43	23.27	17.8	6.31	61	2	40:25:4,94515	-3:33:10,82416	701
22	2018-10-03 	22:09:51	-7.49	23.29	17.8	6.31	61	0	40:25:4,93802	-3:33:10,81177	701
23	2018-10-03 	22:09:52	-7.53	23.29	17.8	6.31	61	2	40:25:4,93565	-3:33:10,79377	701
24	2018-10-03 	22:09:53	-7.61	23.29	17.8	6.31	61	2	40:25:4,92892	-3:33:10,77869	701
25	2018-10-03 	22:09:55	-7.53	23.27	17.8	6.31	61	1	40:25:4,93018	-3:33:10,77271	700
26	2018-10-03 	22:09:56	-7.49	23.25	17.8	6.31	61	2	40:25:4,93284	-3:33:10,77458	700
27	2018-10-03 	22:09:57	-7.57	23.23	17.8	6.31	61	2	40:25:4,92802	-3:33:10,77336	700
28	2018-10-03 	22:09:59	-7.57	23.23	17.89	5.808	78	15	40:25:4,91466	-3:33:10,77228	700
29	2018-10-03 	22:10:00	-7.57	23.23	17.95	5.495	78	18	40:25:4,9089	-3:33:10,77606	700
30	2018-10-03 	22:10:01	-7.57	23.23	17.95	5.495	78	16	40:25:4,90271	-3:33:10,77736	700
31	2018-10-03 	22:10:02	-7.57	23.23	17.95	5.495	78	16	40:25:4,90008	-3:33:10,77433	700
32	2018-10-03 	22:10:03	-7.57	23.23	17.95	5.495	78	16	40:25:4,89342	-3:33:10,78441	700
33	2018-10-03 	22:10:04	-7.57	23.23	17.95	5.495	78	15	40:25:4,8882	-3:33:10,79384	700
34	2018-10-03 	22:10:05	-7.57	23.23	17.95	5.495	78	18	40:25:4,88338	-3:33:10,79474	700
35	2018-10-03 	22:10:06	-7.57	23.23	17.95	5.495	78	17	40:25:4,8823	-3:33:10,79698	700
36	2018-10-03 	22:10:07	-7.57	23.23	17.95	5.495	78	17	40:25:4,88532	-3:33:10,79806	700
37	2018-10-03 	22:10:08	-7.57	23.23	17.95	5.495	78	18	40:25:4,88402	-3:33:10,79615	700
38	2018-10-03 	22:10:09	-7.57	23.23	17.95	5.495	81	171	40:25:4,88816	-3:33:10,79438	701
39	2018-10-03 	22:10:10	-7.57	23.23	18	5.248	81	172	40:25:4,88806	-3:33:10,79694	701
40	2018-10-03 	22:10:11	-7.57	23.23	18	5.248	81	172	40:25:4,87963	-3:33:10,8027	701
41	2018-10-03 	22:10:12	-7.57	23.23	18	5.248	81	171	40:25:4,88161	-3:33:10,82056	701
42	2018-10-03 	22:10:13	-7.57	23.23	18	5.248	81	170	40:25:4,88564	-3:33:10,83942	701
43	2018-10-03 	22:10:14	-7.57	23.23	18	5.248	81	171	40:25:4,88856	-3:33:10,86264	701
44	2018-10-03 	22:10:15	-7.57	23.23	18	5.248	81	169	40:25:4,89022	-3:33:10,88834	701
45	2018-10-03 	22:10:16	-7.57	23.23	18	5.248	81	171	40:25:4,90156	-3:33:10,9102	701
46	2018-10-03 	22:10:17	-7.57	23.23	18	5.248	81	171	40:25:4,91945	-3:33:10,92074	701
47	2018-10-03 	22:10:18	-7.57	23.23	18	5.248	81	171	40:25:4,93849	-3:33:10,92913	701
48	2018-10-03 	22:10:19	-8.33	23.05	18	5.248	66	195	40:25:4,94404	-3:33:10,92838	701
49	2018-10-03 	22:10:20	-6.81	23.05	17.92	5.649	63	203	40:25:4,94836	-3:33:10,92964	701
50	2018-10-03 	22:10:21	-6.81	23.05	17.91	5.702	62	202	40:25:4,9516	-3:33:10,92211	701
51	2018-10-03 	22:10:22	-6.69	23.05	17.91	5.702	62	202	40:25:4,94918	-3:33:10,91808	701
52	2018-10-03 	22:10:23	-6.51	23.05	17.91	5.702	62	202	40:25:4,94472	-3:33:10,91513	701
53	2018-10-03 	22:10:24	-6.59	23.03	17.91	5.702	61	202	40:25:4,9427	-3:33:10,90886	701
54	2018-10-03 	22:10:25	-6.55	23.01	17.91	5.702	62	202	40:25:4,94263	-3:33:10,90361	701
55	2018-10-03 	22:10:26	-6.73	23.01	17.91	5.702	62	201	40:25:4,94296	-3:33:10,90303	701
56	2018-10-03 	22:10:28	-6.59	22.99	17.91	5.702	62	202	40:25:4,944	-3:33:10,89274	701
57	2018-10-03 	22:10:29	-6.55	23.01	17.91	5.702	59	199	40:25:4,9436	-3:33:10,88874	701
58	2018-10-03 	22:10:30	0.43	22.99	17.86	5.97	42	205	40:25:4,94216	-3:33:10,88518	701
59	2018-10-03 	22:10:32	0.83	22.99	17.68	7.047	41	206	40:25:4,94159	-3:33:10,88208	701
60	2018-10-03 	22:10:33	0.83	22.99	17.67	7.112	41	206	40:25:4,94152	-3:33:10,88136	701
61	2018-10-03 	22:10:34	1.33	22.99	17.67	7.112	40	201	40:25:4,94144	-3:33:10,88089	701
62	2018-10-03 	22:10:35	1.21	22.97	17.64	7.311	40	200	40:25:4,94134	-3:33:10,88068	701
63	2018-10-03 	22:10:36	1.41	22.97	17.65	7.244	40	202	40:25:4,9413	-3:33:10,88057	701
64	2018-10-03 	22:10:37	1.37	22.95	17.65	7.244	40	201	40:25:4,94126	-3:33:10,8805	701
65	2018-10-03 	22:10:38	1.29	22.99	17.65	7.244	40	200	40:25:4,94126	-3:33:10,88046	701
66	2018-10-03 	22:10:39	1.37	22.95	17.64	7.311	40	200	40:25:4,94126	-3:33:10,88042	701
67	2018-10-03 	22:10:40	7.77	22.93	17.65	7.244	20	195	40:25:4,9413	-3:33:10,88042	701
68	2018-10-03 	22:10:41	8.05	22.93	17.68	7.047	20	195	40:25:4,9413	-3:33:10,88042	701
69	2018-10-03 	22:10:42	8.01	22.93	17.71	6.855	20	197	40:25:4,94134	-3:33:10,88039	701
70	2018-10-03 	22:10:43	8.13	22.93	17.71	6.855	20	196	40:25:4,94134	-3:33:10,88039	701
71	2018-10-03 	22:10:44	8.09	22.91	17.73	6.73	19	194	40:25:4,94134	-3:33:10,88042	701
72	2018-10-03 	22:10:45	8.15	22.93	17.72	6.792	19	195	40:25:4,94134	-3:33:10,88046	701
73	2018-10-03 	22:10:46	8.13	22.91	17.73	6.73	19	196	40:25:4,9413	-3:33:10,88057	701
74	2018-10-03 	22:10:47	8.05	22.87	17.73	6.73	19	197	40:25:4,94393	-3:33:10,88266	701
75	2018-10-03 	22:10:48	8.19	22.87	17.73	6.73	19	194	40:25:4,94234	-3:33:10,88456	702
76	2018-10-03 	22:10:49	8.15	22.85	17.75	6.607	19	192	40:25:4,93576	-3:33:10,88708	701
77	2018-10-03 	22:10:50	5.07	22.85	17.75	6.607	36	212	40:25:4,93133	-3:33:10,89209	701
78	2018-10-03 	22:10:51	5.07	22.85	17.61	7.516	86	135	40:25:4,92596	-3:33:10,89961	701
79	2018-10-03 	22:10:52	-1.29	22.85	17.98	5.346	44	4	40:25:4,92272	-3:33:10,90627	701
80	2018-10-03 	22:10:54	8.15	22.83	17.58	7.727	22	30	40:25:4,91804	-3:33:10,92053	702
81	2018-10-03 	22:10:55	8.13	22.83	17.59	7.656	22	30	40:25:4,91574	-3:33:10,92654	702
82	2018-10-03 	22:10:56	8.01	22.81	17.59	7.656	22	30	40:25:4,91372	-3:33:10,93223	702
83	2018-10-03 	22:10:57	8.05	22.81	17.59	7.656	22	30	40:25:4,91236	-3:33:10,93669	702
84	2018-10-03 	22:10:58	8.15	22.81	17.59	7.656	22	26	40:25:4,91135	-3:33:10,93943	702
85	2018-10-03 	22:10:59	8.23	22.83	17.62	7.447	22	26	40:25:4,91052	-3:33:10,94101	702
86	2018-10-03 	22:11:00	8.15	22.83	17.62	7.447	22	28	40:25:4,9102	-3:33:10,94195	702
87	2018-10-03 	22:11:01	8.27	22.81	17.62	7.447	21	28	40:25:4,90991	-3:33:10,94252	702
88	2018-10-03 	22:11:02	8.23	22.79	17.62	7.447	21	28	40:25:4,90984	-3:33:10,94288	702
89	2018-10-03 	22:11:03	2.69	22.79	17.62	7.447	21	29	40:25:4,90976	-3:33:10,9431	702
90	2018-10-03 	22:11:04	2.55	22.79	17.53	8.091	39	23	40:25:4,9098	-3:33:10,94324	702
91	2018-10-03 	22:11:05	2.09	22.77	17.54	8.017	39	25	40:25:4,9098	-3:33:10,94339	702
92	2018-10-03 	22:11:06	2.09	22.77	17.56	7.87	40	28	40:25:4,9098	-3:33:10,9435	702
93	2018-10-03 	22:11:07	2.01	22.77	17.56	7.87	40	27	40:25:4,90984	-3:33:10,94357	702
94	2018-10-03 	22:11:08	2.01	22.77	17.57	7.798	41	30	40:25:4,90987	-3:33:10,94364	702
95	2018-10-03 	22:11:09	2.01	22.77	17.57	7.798	41	28	40:25:4,90994	-3:33:10,94371	702
96	2018-10-03 	22:11:10	1.93	22.77	17.57	7.798	40	31	40:25:4,91002	-3:33:10,94386	702
97	2018-10-03 	22:11:11	2.01	22.77	17.57	7.798	40	31	40:25:4,91002	-3:33:10,94386	702
98	2018-10-03 	22:11:12	1.97	22.73	17.57	7.798	41	29	40:25:4,91016	-3:33:10,94414	702
99	2018-10-03 	22:11:13	-2.31	22.75	17.57	7.798	40	30	40:25:4,91016	-3:33:10,94414	702
100	2018-10-03 	22:11:14	-5.39	22.73	17.86	5.97	58	12	40:25:4,91016	-3:33:10,94414	702
101	2018-10-03 	22:11:16	-5.39	22.73	17.86	5.97	61	23	40:25:4,91023	-3:33:10,94461	702
102	2018-10-03 	22:11:18	-5.35	22.69	17.86	5.97	61	24	40:25:4,91023	-3:33:10,94472	702
103	2018-10-03 	22:11:19	-5.31	22.71	17.86	5.97	61	25	40:25:4,91023	-3:33:10,94472	702
104	2018-10-03 	22:11:20	-5.39	22.73	17.86	5.97	61	25	40:25:4,91023	-3:33:10,94472	702
105	2018-10-03 	22:11:21	-5.43	22.69	17.86	5.97	61	25	40:25:4,9103	-3:33:10,94522	702
106	2018-10-03 	22:11:22	-5.39	22.69	17.86	5.97	61	25	40:25:4,9103	-3:33:10,94522	702
107	2018-10-03 	22:11:23	-5.43	22.69	17.86	5.97	61	25	40:25:4,91038	-3:33:10,94533	702
108	2018-10-03 	22:11:24	-9.89	22.69	17.89	5.808	61	25	40:25:4,91041	-3:33:10,94537	702
109	2018-10-03 	22:11:25	-9.89	22.69	17.98	5.346	78	32	40:25:4,91045	-3:33:10,94544	702
110	2018-10-03 	22:11:26	-9.83	22.67	17.98	5.346	78	32	40:25:4,91045	-3:33:10,94544	702
111	2018-10-03 	22:11:28	-9.89	22.67	17.98	5.346	78	32	40:25:4,91048	-3:33:10,94558	702
112	2018-10-03 	22:11:29	-9.89	22.63	17.98	5.346	78	34	40:25:4,91052	-3:33:10,94566	702
113	2018-10-03 	22:11:30	-9.89	22.63	17.98	5.346	78	33	40:25:4,91056	-3:33:10,94573	702
114	2018-10-03 	22:11:31	-9.89	22.67	17.98	5.346	78	36	40:25:4,91059	-3:33:10,9458	702
115	2018-10-03 	22:11:32	-9.93	22.61	17.98	5.346	78	36	40:25:4,91063	-3:33:10,94587	702
116	2018-10-03 	22:11:33	-9.93	22.63	17.98	5.346	78	34	40:25:4,91063	-3:33:10,94591	702
117	2018-10-03 	22:11:34	-9.93	22.61	17.98	5.346	78	34	40:25:4,91063	-3:33:10,94591	702
118	2018-10-03 	22:11:35	-9.93	22.61	17.98	5.346	81	184	40:25:4,91066	-3:33:10,94591	702
119	2018-10-03 	22:11:36	-9.93	22.61	17.98	5.346	81	186	40:25:4,91066	-3:33:10,94591	702
120	2018-10-03 	22:11:37	-9.93	22.61	17.98	5.346	81	185	40:25:4,91066	-3:33:10,94591	702
121	2018-10-03 	22:11:38	-9.93	22.61	17.98	5.346	81	185	40:25:4,91066	-3:33:10,94591	702
122	2018-10-03 	22:11:40	-9.93	22.61	17.98	5.346	81	185	40:25:4,91066	-3:33:10,9458	702
123	2018-10-03 	22:11:41	-9.93	22.61	17.98	5.346	81	186	40:25:4,91063	-3:33:10,94576	702
124	2018-10-03 	22:11:42	-9.93	22.61	17.98	5.346	81	187	40:25:4,91059	-3:33:10,94576	702
125	2018-10-03 	22:11:43	-9.93	22.61	17.98	5.346	81	185	40:25:4,91059	-3:33:10,94573	702
126	2018-10-03 	22:11:44	-9.93	22.61	17.98	5.346	81	185	40:25:4,91059	-3:33:10,94569	702
127	2018-10-03 	22:11:45	-9.93	22.61	17.98	5.346	75	210	40:25:4,91059	-3:33:10,94569	702
128	2018-10-03 	22:11:46	-8.03	22.55	17.84	6.081	62	212	40:25:4,91063	-3:33:10,94566	702
129	2018-10-03 	22:11:47	-8.07	22.53	17.83	6.138	62	212	40:25:4,9107	-3:33:10,94558	702
130	2018-10-03 	22:11:48	-8.11	22.51	17.83	6.138	62	212	40:25:4,9107	-3:33:10,94551	702
131	2018-10-03 	22:11:49	-8.03	22.51	17.83	6.138	62	212	40:25:4,91066	-3:33:10,9454	702
132	2018-10-03 	22:11:50	-7.99	22.49	17.83	6.138	62	215	40:25:4,91063	-3:33:10,94533	702
133	2018-10-03 	22:11:51	-7.91	22.51	17.83	6.138	62	213	40:25:4,91059	-3:33:10,9453	702
134	2018-10-03 	22:11:52	-7.99	22.51	17.83	6.138	62	214	40:25:4,91056	-3:33:10,94526	702
135	2018-10-03 	22:11:53	-7.95	22.49	17.83	6.138	62	214	40:25:4,91052	-3:33:10,94522	702
136	2018-10-03 	22:11:54	-7.95	22.49	17.83	6.138	62	214	40:25:4,91052	-3:33:10,94519	702
137	2018-10-03 	22:11:55	-7.99	22.47	17.83	6.138	62	215	40:25:4,91052	-3:33:10,94512	702
138	2018-10-03 	22:11:56	-0.93	22.47	17.83	6.138	42	223	40:25:4,91052	-3:33:10,94508	702
139	2018-10-03 	22:11:57	-0.89	22.41	17.48	8.472	42	223	40:25:4,91052	-3:33:10,94501	702
140	2018-10-03 	22:11:58	-0.77	22.45	17.48	8.472	44	228	40:25:4,91048	-3:33:10,94497	702
141	2018-10-03 	22:11:59	-0.53	22.47	17.46	8.63	41	223	40:25:4,91048	-3:33:10,94494	702
142	2018-10-03 	22:12:00	-0.49	22.45	17.46	8.63	41	224	40:25:4,91048	-3:33:10,9449	702
143	2018-10-03 	22:12:01	-0.11	22.47	17.46	8.63	41	222	40:25:4,91045	-3:33:10,9449	702
144	2018-10-03 	22:12:02	-0.07	22.47	17.44	8.79	40	223	40:25:4,91041	-3:33:10,9449	702
145	2018-10-03 	22:12:03	0.01	22.45	17.44	8.79	40	223	40:25:4,91038	-3:33:10,94486	702
146	2018-10-03 	22:12:04	-0.11	22.45	17.44	8.79	40	223	40:25:4,91038	-3:33:10,94486	702
147	2018-10-03 	22:12:05	-0.07	22.45	17.44	8.79	40	222	40:25:4,91038	-3:33:10,94486	702
148	2018-10-03 	22:12:06	6.39	22.45	17.44	8.79	20	223	40:25:4,91045	-3:33:10,94483	702
149	2018-10-03 	22:12:07	6.69	22.41	17.18	11.169	20	225	40:25:4,91048	-3:33:10,94483	702
150	2018-10-03 	22:12:08	6.75	22.45	17.19	11.066	20	226	40:25:4,91056	-3:33:10,94483	702
151	2018-10-03 	22:12:09	6.73	22.41	17.18	11.169	20	226	40:25:4,91063	-3:33:10,94483	702
152	2018-10-03 	22:12:10	6.83	22.39	17.18	11.169	20	225	40:25:4,9107	-3:33:10,94486	702
153	2018-10-03 	22:12:12	6.83	22.39	17.19	11.066	20	226	40:25:4,91077	-3:33:10,9449	702
154	2018-10-03 	22:12:13	6.87	22.37	17.19	11.066	20	227	40:25:4,91081	-3:33:10,9449	702
155	2018-10-03 	22:12:14	6.93	22.39	17.19	11.066	19	224	40:25:4,91081	-3:33:10,9449	702
156	2018-10-03 	22:12:15	6.97	22.37	17.19	11.066	19	223	40:25:4,91095	-3:33:10,94504	702
157	2018-10-03 	22:12:16	6.91	22.37	17.19	11.066	19	210	40:25:4,91102	-3:33:10,94512	702
158	2018-10-03 	22:12:17	6.91	22.37	17.21	10.864	81	195	40:25:4,9111	-3:33:10,94515	702
159	2018-10-03 	22:12:18	-2.15	22.35	17.99	5.297	51	31	40:25:4,9112	-3:33:10,94522	702
160	2018-10-03 	22:12:19	10.31	22.35	17.64	7.311	24	62	40:25:4,91131	-3:33:10,9453	702
161	2018-10-03 	22:12:20	10.47	22.35	19.39	1.459	22	70	40:25:4,91135	-3:33:10,94537	702
162	2018-10-03 	22:12:21	10.37	22.35	19.39	1.459	22	73	40:25:4,91142	-3:33:10,9454	702
163	2018-10-03 	22:12:22	10.47	22.35	19.39	1.459	22	73	40:25:4,91146	-3:33:10,94544	702
164	2018-10-03 	22:12:23	10.47	22.37	19.4	1.445	22	72	40:25:4,91146	-3:33:10,94551	702
165	2018-10-03 	22:12:24	10.43	22.33	19.39	1.459	22	71	40:25:4,91146	-3:33:10,94558	702
166	2018-10-03 	22:12:25	10.47	22.35	19.39	1.459	22	72	40:25:4,91142	-3:33:10,94562	702
167	2018-10-03 	22:12:26	10.51	22.35	19.4	1.445	22	70	40:25:4,91142	-3:33:10,94569	702
168	2018-10-03 	22:12:27	10.47	22.33	19.4	1.445	22	72	40:25:4,91138	-3:33:10,94576	702
169	2018-10-03 	22:12:28	10.71	22.35	19.43	1.406	21	70	40:25:4,91138	-3:33:10,94584	702
170	2018-10-03 	22:12:29	10.79	22.33	19.45	1.38	21	70	40:25:4,91142	-3:33:10,94591	702
171	2018-10-03 	22:12:30	5.07	22.33	19.36	1.5	39	68	40:25:4,91142	-3:33:10,94594	702
172	2018-10-03 	22:12:31	5.05	22.33	17.97	5.395	39	71	40:25:4,91142	-3:33:10,94598	702
173	2018-10-03 	22:12:32	4.63	22.31	17.96	5.445	41	62	40:25:4,91142	-3:33:10,94602	702
174	2018-10-03 	22:12:33	4.41	22.33	17.89	5.808	40	73	40:25:4,91138	-3:33:10,94609	702
175	2018-10-03 	22:12:35	4.45	22.29	17.89	5.808	40	71	40:25:4,91138	-3:33:10,94616	702
176	2018-10-03 	22:12:36	4.37	22.31	17.89	5.808	41	74	40:25:4,91142	-3:33:10,94616	702
177	2018-10-03 	22:12:38	4.33	22.31	17.88	5.861	41	72	40:25:4,91146	-3:33:10,9462	702
178	2018-10-03 	22:12:39	4.41	22.29	17.88	5.861	41	72	40:25:4,91146	-3:33:10,9462	702
179	2018-10-03 	22:12:40	2.89	22.27	17.88	5.861	49	79	40:25:4,91149	-3:33:10,9462	702
180	2018-10-03 	22:12:41	-3.23	22.29	17.93	5.598	61	67	40:25:4,91153	-3:33:10,94616	702
181	2018-10-03 	22:12:42	-3.31	22.29	17.94	5.546	61	71	40:25:4,91156	-3:33:10,94612	702
182	2018-10-03 	22:12:43	-3.23	22.27	17.94	5.546	61	69	40:25:4,91156	-3:33:10,94612	702
183	2018-10-03 	22:12:44	-3.23	22.27	17.94	5.546	61	70	40:25:4,9116	-3:33:10,94609	702
184	2018-10-03 	22:12:45	-3.23	22.27	17.94	5.546	60	71	40:25:4,91167	-3:33:10,94605	702
185	2018-10-03 	22:12:46	-3.31	22.25	17.94	5.546	61	67	40:25:4,91171	-3:33:10,94605	702
186	2018-10-03 	22:12:47	-3.31	22.25	17.94	5.546	61	68	40:25:4,91174	-3:33:10,94602	702
187	2018-10-03 	22:12:48	-3.27	22.27	17.94	5.546	61	67	40:25:4,91182	-3:33:10,94598	702
188	2018-10-03 	22:12:49	-3.27	22.27	17.94	5.546	61	69	40:25:4,91185	-3:33:10,94594	702
189	2018-10-03 	22:12:50	-3.27	22.27	17.94	5.546	61	68	40:25:4,91192	-3:33:10,94591	702
190	2018-10-03 	22:12:51	-8.97	22.23	17.94	5.546	78	62	40:25:4,912	-3:33:10,94591	702
191	2018-10-03 	22:12:52	-8.97	22.23	18.01	5.2	78	66	40:25:4,91203	-3:33:10,94591	702
192	2018-10-03 	22:12:53	-8.93	22.23	18.01	5.2	78	69	40:25:4,91207	-3:33:10,94587	702
193	2018-10-03 	22:12:54	-8.85	22.23	18.01	5.2	78	65	40:25:4,91207	-3:33:10,94584	702
194	2018-10-03 	22:12:55	-8.89	22.23	18.01	5.2	78	66	40:25:4,9121	-3:33:10,9458	702
195	2018-10-03 	22:12:56	-8.93	22.23	18.01	5.2	78	67	40:25:4,9121	-3:33:10,94576	702
196	2018-10-03 	22:12:57	-9.01	22.23	18.01	5.2	78	66	40:25:4,9121	-3:33:10,94573	702
197	2018-10-03 	22:12:58	-8.93	22.19	18.01	5.2	78	64	40:25:4,91214	-3:33:10,94569	702
198	2018-10-03 	22:12:59	-8.93	22.19	18.01	5.2	78	65	40:25:4,91214	-3:33:10,94566	702
199	2018-10-03 	22:13:00	-9.01	22.15	18.02	5.152	78	64	40:25:4,91218	-3:33:10,94566	702
200	2018-10-03 	22:13:01	-9.01	22.15	18.02	5.152	83	208	40:25:4,91218	-3:33:10,94562	702
201	2018-10-03 	22:13:02	-9.01	22.15	17.96	5.445	81	213	40:25:4,91218	-3:33:10,94558	702
202	2018-10-03 	22:13:03	-9.01	22.15	17.96	5.445	81	213	40:25:4,91214	-3:33:10,94555	702
203	2018-10-03 	22:13:04	-9.01	22.15	17.96	5.445	81	211	40:25:4,9121	-3:33:10,94551	702
204	2018-10-03 	22:13:05	-9.01	22.15	17.96	5.445	81	212	40:25:4,9121	-3:33:10,94548	702
205	2018-10-03 	22:13:06	-9.01	22.15	17.96	5.445	81	212	40:25:4,91207	-3:33:10,94548	702
206	2018-10-03 	22:13:07	-9.01	22.15	17.96	5.445	81	213	40:25:4,91203	-3:33:10,94544	702
207	2018-10-03 	22:13:08	-9.01	22.15	17.96	5.445	81	212	40:25:4,912	-3:33:10,94544	702
208	2018-10-03 	22:13:10	-9.01	22.15	17.96	5.445	81	212	40:25:4,91196	-3:33:10,94548	702
209	2018-10-03 	22:13:11	-9.01	22.15	17.96	5.445	76	214	40:25:4,91192	-3:33:10,94548	702
210	2018-10-03 	22:13:12	-8.11	22.11	17.84	6.081	76	214	40:25:4,91189	-3:33:10,94548	702
211	2018-10-03 	22:13:13	-8.07	22.11	17.77	6.486	62	234	40:25:4,91185	-3:33:10,94544	702
212	2018-10-03 	22:13:14	-8.11	22.11	17.77	6.486	62	233	40:25:4,91178	-3:33:10,94544	702
213	2018-10-03 	22:13:15	-8.11	22.11	17.77	6.486	62	233	40:25:4,91171	-3:33:10,94548	702
214	2018-10-03 	22:13:16	-8.03	22.13	17.77	6.486	62	233	40:25:4,91164	-3:33:10,94548	702
215	2018-10-03 	22:13:17	-7.95	22.09	17.77	6.486	61	229	40:25:4,91164	-3:33:10,94551	702
216	2018-10-03 	22:13:18	-7.91	22.11	17.77	6.486	62	233	40:25:4,91164	-3:33:10,94555	702
217	2018-10-03 	22:13:19	-7.99	22.11	17.77	6.486	62	233	40:25:4,91164	-3:33:10,94558	702
218	2018-10-03 	22:13:20	-7.95	22.11	17.77	6.486	62	233	40:25:4,9116	-3:33:10,94562	702
219	2018-10-03 	22:13:22	-0.57	22.07	17.77	6.486	42	245	40:25:4,91164	-3:33:10,9458	702
220	2018-10-03 	22:13:23	-0.41	22.09	17.35	9.55	42	244	40:25:4,91164	-3:33:10,94587	702
221	2018-10-03 	22:13:24	-0.33	22.09	17.35	9.55	42	242	40:25:4,91167	-3:33:10,94591	702
222	2018-10-03 	22:13:25	-0.07	22.09	17.35	9.55	41	244	40:25:4,91164	-3:33:10,94594	702
223	2018-10-03 	22:13:26	-0.15	22.05	17.33	9.727	41	245	40:25:4,9116	-3:33:10,94598	702
224	2018-10-03 	22:13:27	0.25	22.07	17.33	9.727	41	244	40:25:4,91156	-3:33:10,94602	702
225	2018-10-03 	22:13:28	0.21	22.05	17.3	10	40	245	40:25:4,91153	-3:33:10,94609	702
226	2018-10-03 	22:13:29	0.21	22.05	17.3	10	40	244	40:25:4,91153	-3:33:10,94616	702
227	2018-10-03 	22:13:30	0.33	22.07	17.3	10	41	245	40:25:4,91156	-3:33:10,94623	702
228	2018-10-03 	22:13:31	6.39	22.05	17.3	10	40	245	40:25:4,9116	-3:33:10,9463	702
229	2018-10-03 	22:13:33	7.15	22.03	16.45	21.878	21	250	40:25:4,9116	-3:33:10,94641	702
230	2018-10-03 	22:13:34	7.23	22.03	16.42	22.491	20	252	40:25:4,91156	-3:33:10,94638	702
231	2018-10-03 	22:13:35	7.27	22.03	16.41	22.699	20	251	40:25:4,91153	-3:33:10,94641	702
232	2018-10-03 	22:13:36	7.29	22.05	16.42	22.491	20	251	40:25:4,91156	-3:33:10,94645	702
233	2018-10-03 	22:13:37	7.33	22.05	16.39	23.121	20	251	40:25:4,91156	-3:33:10,94648	702
234	2018-10-03 	22:13:39	7.45	22.05	16.37	23.55	19	251	40:25:4,9116	-3:33:10,94645	702
235	2018-10-03 	22:13:40	7.47	22.03	16.38	23.335	19	250	40:25:4,91167	-3:33:10,94641	702
236	2018-10-03 	22:13:41	7.37	22.03	16.36	23.768	19	250	40:25:4,91171	-3:33:10,94641	702
237	2018-10-03 	22:13:42	-9.89	22.03	16.4	22.909	78	246	40:25:4,91178	-3:33:10,94641	702
238	2018-10-03 	22:13:43	-1.63	22.01	17.94	5.546	54	85	40:25:4,91185	-3:33:10,94645	702
239	2018-10-03 	22:13:44	12.17	22.03	17.82	6.194	20	112	40:25:4,91189	-3:33:10,94648	702
240	2018-10-03 	22:13:45	12.43	22.01	17.82	6.194	22	123	40:25:4,91189	-3:33:10,94648	702
241	2018-10-03 	22:13:46	12.47	21.99	19.59	1.213	22	122	40:25:4,91189	-3:33:10,94652	702
242	2018-10-03 	22:13:47	12.51	22.03	19.59	1.213	22	122	40:25:4,91192	-3:33:10,94656	702
243	2018-10-03 	22:13:48	12.51	22.01	19.59	1.213	22	119	40:25:4,91196	-3:33:10,94656	702
244	2018-10-03 	22:13:49	12.53	22.01	19.59	1.213	22	120	40:25:4,912	-3:33:10,94656	702
245	2018-10-03 	22:13:50	12.63	21.99	19.63	1.169	21	123	40:25:4,91203	-3:33:10,94659	702
246	2018-10-03 	22:13:52	12.71	22.01	19.63	1.169	22	122	40:25:4,9121	-3:33:10,94663	702
247	2018-10-03 	22:13:53	12.61	22.01	19.64	1.159	21	122	40:25:4,9121	-3:33:10,94663	702
248	2018-10-03 	22:13:54	12.57	22.01	19.64	1.159	21	122	40:25:4,91207	-3:33:10,94659	702
249	2018-10-03 	22:13:55	8.01	21.99	19.51	1.306	37	130	40:25:4,91207	-3:33:10,94659	702
250	2018-10-03 	22:13:56	6.79	22.01	18.14	4.613	37	130	40:25:4,91203	-3:33:10,94659	702
251	2018-10-03 	22:13:57	6.79	21.99	18.13	4.656	39	133	40:25:4,912	-3:33:10,94663	702
252	2018-10-03 	22:13:58	6.29	22.01	18.13	4.656	41	127	40:25:4,912	-3:33:10,94663	702
253	2018-10-03 	22:13:59	6.17	21.99	18.05	5.012	41	128	40:25:4,912	-3:33:10,94659	702
254	2018-10-03 	22:14:00	6.17	21.95	18.05	5.012	41	124	40:25:4,90314	-3:33:10,93554	702
255	2018-10-03 	22:14:01	6.07	21.95	18.09	4.831	41	128	40:25:4,88568	-3:33:10,92802	702
256	2018-10-03 	22:14:02	6.13	21.95	18.05	5.012	41	125	40:25:4,87157	-3:33:10,91156	702
257	2018-10-03 	22:14:03	6.17	21.99	18.05	5.012	41	126	40:25:4,86044	-3:33:10,89389	701
258	2018-10-03 	22:14:04	6.13	21.95	18.05	5.012	41	125	40:25:4,86365	-3:33:10,86991	702
259	2018-10-03 	22:14:05	6.17	21.99	18.05	5.012	42	124	40:25:4,87445	-3:33:10,85465	702
260	2018-10-03 	22:14:06	-1.95	21.95	17.94	5.546	61	139	40:25:4,88226	-3:33:10,84457	702
261	2018-10-03 	22:14:07	-1.99	21.99	18	5.248	61	137	40:25:4,88633	-3:33:10,83773	702
262	2018-10-03 	22:14:08	-1.95	22.01	18	5.248	61	137	40:25:4,88136	-3:33:10,83334	703
263	2018-10-03 	22:14:09	-2.07	21.99	18	5.248	61	137	40:25:4,88165	-3:33:10,83524	703
264	2018-10-03 	22:14:10	-2.15	21.95	18	5.248	61	136	40:25:4,88892	-3:33:10,84885	703
265	2018-10-03 	22:14:11	-2.07	21.99	18	5.248	61	137	40:25:4,89032	-3:33:10,87175	703
266	2018-10-03 	22:14:12	-2.03	21.99	18	5.248	61	141	40:25:4,89407	-3:33:10,89508	703
267	2018-10-03 	22:14:13	-2.11	21.93	18	5.248	61	138	40:25:4,89252	-3:33:10,89781	703
268	2018-10-03 	22:14:14	-2.03	21.95	18	5.248	61	139	40:25:4,89234	-3:33:10,89896	703
269	2018-10-03 	22:14:15	-2.07	21.95	18	5.248	61	138	40:25:4,89223	-3:33:10,89677	703
270	2018-10-03 	22:14:16	-8.59	21.95	18	5.248	78	137	40:25:4,89148	-3:33:10,8963	703
271	2018-10-03 	22:14:17	-8.37	21.93	18.04	5.058	78	135	40:25:4,88978	-3:33:10,8976	703
272	2018-10-03 	22:14:18	-8.41	21.93	18.04	5.058	78	136	40:25:4,88971	-3:33:10,90019	703
273	2018-10-03 	22:14:19	-8.45	21.91	18.04	5.058	78	136	40:25:4,89662	-3:33:10,90757	703
274	2018-10-03 	22:14:20	-8.41	21.95	18.04	5.058	78	132	40:25:4,90296	-3:33:10,922	703
275	2018-10-03 	22:14:21	-8.45	21.93	18.04	5.058	78	136	40:25:4,89785	-3:33:10,92049	703
276	2018-10-03 	22:14:22	-8.55	21.91	18.04	5.058	78	138	40:25:4,89677	-3:33:10,92431	702
277	2018-10-03 	22:14:23	-8.41	21.93	18.04	5.058	78	134	40:25:4,89205	-3:33:10,92766	702
278	2018-10-03 	22:14:24	-8.51	21.93	18.04	5.058	78	135	40:25:4,87808	-3:33:10,92838	702
279	2018-10-03 	22:14:25	-8.45	21.93	18.04	5.058	78	136	40:25:4,85771	-3:33:10,9291	702
280	2018-10-03 	22:14:29	-8.45	21.93	17.95	5.495	81	259	40:25:4,78391	-3:33:10,94342	700
281	2018-10-03 	22:14:30	-8.45	21.93	17.95	5.495	81	259	40:25:4,77102	-3:33:10,95811	701
282	2018-10-03 	22:14:31	-8.45	21.93	17.95	5.495	81	260	40:25:4,76396	-3:33:10,9678	701
283	2018-10-03 	22:14:33	-8.45	21.93	17.95	5.495	81	259	40:25:4,75997	-3:33:10,97435	702
284	2018-10-03 	22:14:35	-8.45	21.93	17.95	5.495	81	260	40:25:4,75572	-3:33:10,97874	702
285	2018-10-03 	22:14:36	-8.45	21.93	17.95	5.495	81	259	40:25:4,75536	-3:33:10,97834	702
286	2018-10-03 	22:14:37	-8.45	21.93	17.95	5.495	81	256	40:25:4,75216	-3:33:10,9782	703
287	2018-10-03 	22:14:38	-7.77	21.89	17.94	5.546	62	264	40:25:4,74884	-3:33:10,97737	703
288	2018-10-03 	22:14:39	-7.91	21.85	17.74	6.668	62	265	40:25:4,74596	-3:33:10,97525	703
289	2018-10-03 	22:14:40	-7.83	21.87	17.74	6.668	62	263	40:25:4,74463	-3:33:10,97694	703
290	2018-10-03 	22:14:41	-7.87	21.85	17.74	6.668	62	264	40:25:4,7424	-3:33:10,97989	703
291	2018-10-03 	22:14:42	-7.83	21.85	17.74	6.668	62	263	40:25:4,74125	-3:33:10,98274	703
292	2018-10-03 	22:14:43	-7.77	21.87	17.74	6.668	62	262	40:25:4,74067	-3:33:10,98428	703
293	2018-10-03 	22:14:44	-7.73	21.87	17.74	6.668	63	268	40:25:4,7257	-3:33:10,99717	703
294	2018-10-03 	22:14:45	-7.69	21.87	17.74	6.668	62	264	40:25:4,759	-3:33:10,98342	702
295	2018-10-03 	22:14:46	-7.87	21.91	17.74	6.668	62	265	40:25:4,77948	-3:33:10,94695	701
296	2018-10-03 	22:14:50	-0.89	21.83	17.25	10.471	42	268	40:25:4,7897	-3:33:10,78513	700
297	2018-10-03 	22:14:51	-0.69	21.85	17.24	10.568	41	272	40:25:4,79802	-3:33:10,77588	701
298	2018-10-03 	22:14:52	-0.69	21.83	17.2	10.965	41	270	40:25:4,80043	-3:33:10,77185	701
299	2018-10-03 	22:14:53	-0.33	21.85	17.21	10.864	40	273	40:25:4,80594	-3:33:10,7707	701
300	2018-10-03 	22:14:54	-0.29	21.81	17.16	11.376	41	275	40:25:4,8094	-3:33:10,77084	701
301	2018-10-03 	22:14:55	-0.33	21.85	17.15	11.482	40	273	40:25:4,81102	-3:33:10,77347	701
302	2018-10-03 	22:14:56	-0.37	21.81	17.15	11.482	41	276	40:25:4,81148	-3:33:10,77858	701
303	2018-10-03 	22:14:57	-0.37	21.83	17.16	11.376	40	275	40:25:4,81148	-3:33:10,77995	701
304	2018-10-03 	22:14:59	6.57	21.83	16.6	19.055	21	278	40:25:4,80371	-3:33:10,79176	701
305	2018-10-03 	22:15:01	6.75	21.79	16.88	14.723	20	281	40:25:4,80709	-3:33:10,79611	701
306	2018-10-03 	22:15:02	6.73	21.79	16.89	14.588	20	280	40:25:4,80781	-3:33:10,78852	701
307	2018-10-03 	22:15:03	6.87	21.83	16.91	14.322	19	280	40:25:4,8212	-3:33:10,78067	700
308	2018-10-03 	22:15:04	6.75	21.81	16.92	14.191	20	280	40:25:4,83132	-3:33:10,77718	701
309	2018-10-03 	22:15:05	6.91	21.79	16.91	14.322	19	279	40:25:4,84406	-3:33:10,77296	701
310	2018-10-03 	22:15:06	6.87	21.79	16.93	14.06	19	281	40:25:4,86124	-3:33:10,77743	701
311	2018-10-03 	22:15:07	6.97	21.79	16.94	13.932	19	280	40:25:4,87967	-3:33:10,78513	703
312	2018-10-03 	22:15:09	-8.07	21.79	16.93	14.06	66	266	40:25:4,9062	-3:33:10,80655	702
313	2018-10-03 	22:15:11	12.63	21.79	17.99	5.297	23	135	40:25:4,9255	-3:33:10,81811	702
314	2018-10-03 	22:15:12	12.81	21.79	19.19	1.754	23	168	40:25:4,92823	-3:33:10,81382	701
315	2018-10-03 	22:15:13	11.67	21.79	19.19	1.754	23	165	40:25:4,93403	-3:33:10,81786	702
316	2018-10-03 	22:15:14	11.81	21.79	19.19	1.754	23	167	40:25:4,9292	-3:33:10,82959	702
317	2018-10-03 	22:15:15	11.71	21.77	19.19	1.754	23	167	40:25:4,92096	-3:33:10,84583	701
318	2018-10-03 	22:15:16	11.75	21.79	19.19	1.754	23	164	40:25:4,91574	-3:33:10,86149	702
319	2018-10-03 	22:15:17	11.95	21.77	19.19	1.754	22	172	40:25:4,90058	-3:33:10,8635	702
320	2018-10-03 	22:15:18	11.95	21.73	19.23	1.69	22	172	40:25:4,89061	-3:33:10,86631	702
321	2018-10-03 	22:15:19	11.95	21.77	19.23	1.69	22	169	40:25:4,88402	-3:33:10,87006	702
322	2018-10-03 	22:15:20	11.95	21.77	19.23	1.69	22	170	40:25:4,8806	-3:33:10,87884	702
323	2018-10-03 	22:15:21	11.99	21.73	19.23	1.69	22	170	40:25:4,87538	-3:33:10,88554	702
324	2018-10-03 	22:15:22	9.91	21.77	19.23	1.69	29	162	40:25:4,87459	-3:33:10,89335	703
325	2018-10-03 	22:15:23	6.25	21.73	18.38	3.698	39	177	40:25:4,87409	-3:33:10,90249	703
326	2018-10-03 	22:15:24	6.17	21.79	18.37	3.732	39	179	40:25:4,87258	-3:33:10,90433	703
327	2018-10-03 	22:15:25	5.63	21.73	18.37	3.732	41	176	40:25:4,868	-3:33:10,90408	703
328	2018-10-03 	22:15:26	5.71	21.77	18.29	4.018	41	178	40:25:4,86358	-3:33:10,90523	703
329	2018-10-03 	22:15:27	5.59	21.73	18.29	4.018	41	171	40:25:4,86055	-3:33:10,90577	703
330	2018-10-03 	22:15:28	5.63	21.71	18.28	4.055	41	172	40:25:4,85839	-3:33:10,90588	703
331	2018-10-03 	22:15:29	5.51	21.71	18.29	4.018	41	173	40:25:4,85756	-3:33:10,90566	703
332	2018-10-03 	22:15:30	5.59	21.71	18.29	4.018	41	172	40:25:4,85713	-3:33:10,90559	703
333	2018-10-03 	22:15:31	5.51	21.73	18.29	4.018	41	172	40:25:4,85699	-3:33:10,90552	703
334	2018-10-03 	22:15:32	5.59	21.71	18.28	4.055	41	173	40:25:4,85699	-3:33:10,90552	703
335	2018-10-03 	22:15:33	-2.43	21.73	18.2	4.365	61	186	40:25:4,85699	-3:33:10,90552	703
336	2018-10-03 	22:15:34	-2.47	21.73	18.02	5.152	61	185	40:25:4,85699	-3:33:10,90552	703
337	2018-10-03 	22:15:35	-2.47	21.71	18.02	5.152	61	184	40:25:4,85688	-3:33:10,90541	703
338	2018-10-03 	22:15:36	-2.47	21.69	18.02	5.152	61	185	40:25:4,85688	-3:33:10,90541	703
339	2018-10-03 	22:15:37	-2.43	21.69	18.03	5.105	61	188	40:25:4,85692	-3:33:10,90544	703
340	2018-10-03 	22:15:38	-2.39	21.71	18.02	5.152	61	186	40:25:4,85692	-3:33:10,90544	703
341	2018-10-03 	22:15:39	-2.43	21.71	18.02	5.152	61	186	40:25:4,85692	-3:33:10,90548	703
342	2018-10-03 	22:15:40	-2.39	21.71	18.02	5.152	61	186	40:25:4,85695	-3:33:10,90548	703
343	2018-10-03 	22:15:41	-2.39	21.71	18.03	5.105	61	185	40:25:4,85695	-3:33:10,90552	703
344	2018-10-03 	22:15:42	-2.47	21.69	18.02	5.152	61	186	40:25:4,85692	-3:33:10,90552	703
345	2018-10-03 	22:15:43	-9.01	21.69	18.02	5.152	78	197	40:25:4,85688	-3:33:10,90552	703
346	2018-10-03 	22:15:44	-9.05	21.69	18.05	5.012	78	196	40:25:4,85688	-3:33:10,90552	703
347	2018-10-03 	22:15:45	-9.01	21.69	18.05	5.012	79	197	40:25:4,85684	-3:33:10,90552	703
348	2018-10-03 	22:15:46	-9.01	21.69	18.05	5.012	79	197	40:25:4,85684	-3:33:10,90552	703
349	2018-10-03 	22:15:47	-9.01	21.69	18.05	5.012	78	196	40:25:4,85782	-3:33:10,90696	703
350	2018-10-03 	22:15:48	-8.97	21.69	18.05	5.012	78	196	40:25:4,85688	-3:33:10,899	703
351	2018-10-03 	22:15:49	-9.01	21.67	18.05	5.012	79	197	40:25:4,8558	-3:33:10,89432	704
352	2018-10-03 	22:15:50	-8.93	21.69	18.05	5.012	79	197	40:25:4,85846	-3:33:10,88327	704
353	2018-10-03 	22:15:51	-8.89	21.67	18.05	5.012	78	197	40:25:4,8589	-3:33:10,88366	704
354	2018-10-03 	22:15:52	-8.89	21.67	18.05	5.012	79	197	40:25:4,8589	-3:33:10,88366	704
355	2018-10-03 	22:15:53	-9.15	21.65	18.05	5.012	80	195	40:25:4,863	-3:33:10,87603	703
356	2018-10-03 	22:15:54	-9.15	21.65	17.99	5.297	81	338	40:25:4,86451	-3:33:10,87315	703
357	2018-10-03 	22:15:55	-9.15	21.65	17.96	5.445	81	336	40:25:4,86966	-3:33:10,88086	703
358	2018-10-03 	22:15:56	-9.15	21.65	17.96	5.445	81	341	40:25:4,8806	-3:33:10,87754	703
359	2018-10-03 	22:15:57	-9.15	21.65	17.96	5.445	81	340	40:25:4,88464	-3:33:10,86851	704
360	2018-10-03 	22:15:58	-9.15	21.65	17.96	5.445	81	341	40:25:4,87844	-3:33:10,8576	704
361	2018-10-03 	22:15:59	-9.15	21.65	17.96	5.445	81	340	40:25:4,87776	-3:33:10,84554	704
362	2018-10-03 	22:16:00	-9.15	21.65	17.96	5.445	81	340	40:25:4,88402	-3:33:10,8365	704
363	2018-10-03 	22:16:01	-9.15	21.65	17.96	5.445	81	339	40:25:4,8958	-3:33:10,84554	703
364	2018-10-03 	22:16:02	-9.15	21.65	17.95	5.495	81	342	40:25:4,90073	-3:33:10,85674	703
365	2018-10-03 	22:16:03	-9.15	21.65	17.96	5.445	81	336	40:25:4,90145	-3:33:10,86235	703
366	2018-10-03 	22:16:04	-8.11	21.63	17.96	5.445	61	326	40:25:4,90091	-3:33:10,86545	704
367	2018-10-03 	22:16:07	-8.03	21.61	17.74	6.668	61	322	40:25:4,89468	-3:33:10,86523	704
368	2018-10-03 	22:16:08	-8.03	21.61	17.74	6.668	62	326	40:25:4,89022	-3:33:10,86797	704
369	2018-10-03 	22:16:09	-8.03	21.61	17.74	6.668	61	324	40:25:4,88694	-3:33:10,87265	705
370	2018-10-03 	22:16:10	-8.03	21.61	17.74	6.668	61	324	40:25:4,88316	-3:33:10,87715	705
371	2018-10-03 	22:16:11	-7.95	21.63	17.74	6.668	62	322	40:25:4,88197	-3:33:10,88212	705
372	2018-10-03 	22:16:12	-8.07	21.63	17.74	6.668	61	324	40:25:4,88161	-3:33:10,88525	705
373	2018-10-03 	22:16:13	-8.03	21.61	17.74	6.668	61	328	40:25:4,88201	-3:33:10,88734	705
374	2018-10-03 	22:16:14	-2.27	21.61	17.74	6.668	44	324	40:25:4,88222	-3:33:10,88845	705
375	2018-10-03 	22:16:15	-1.83	21.59	17.35	9.55	42	315	40:25:4,88309	-3:33:10,88154	705
376	2018-10-03 	22:16:17	-1.63	21.61	17.34	9.638	41	315	40:25:4,8842	-3:33:10,87844	705
377	2018-10-03 	22:16:18	-1.51	21.59	17.32	9.817	41	316	40:25:4,88374	-3:33:10,87646	705
378	2018-10-03 	22:16:20	-1.51	21.57	17.32	9.817	41	320	40:25:4,88532	-3:33:10,8873	705
379	2018-10-03 	22:16:21	-1.47	21.57	17.31	9.908	41	318	40:25:4,88485	-3:33:10,89216	705
380	2018-10-03 	22:16:22	-1.39	21.59	17.31	9.908	41	321	40:25:4,88914	-3:33:10,89583	705
381	2018-10-03 	22:16:23	-1.51	21.57	17.31	9.908	41	321	40:25:4,89137	-3:33:10,88654	704
382	2018-10-03 	22:16:24	-1.43	21.55	17.31	9.908	40	313	40:25:4,89727	-3:33:10,88071	704
383	2018-10-03 	22:16:25	5.41	21.57	17.26	10.375	20	317	40:25:4,90073	-3:33:10,87718	704
384	2018-10-03 	22:16:26	5.49	21.57	17.08	12.246	20	317	40:25:4,9053	-3:33:10,87344	704
385	2018-10-03 	22:16:27	5.85	21.57	17.08	12.246	20	321	40:25:4,90436	-3:33:10,86901	705
386	2018-10-03 	22:16:28	5.77	21.57	17.05	12.589	19	318	40:25:4,90228	-3:33:10,86386	705
387	2018-10-03 	22:16:29	5.77	21.55	17.05	12.589	19	317	40:25:4,9008	-3:33:10,86149	705
388	2018-10-03 	22:16:30	5.67	21.55	17.05	12.589	19	317	40:25:4,89997	-3:33:10,85216	705
389	2018-10-03 	22:16:31	5.77	21.57	17.04	12.706	19	322	40:25:4,89814	-3:33:10,84403	705
390	2018-10-03 	22:16:32	5.89	21.55	17.03	12.823	19	322	40:25:4,89778	-3:33:10,8401	705
391	2018-10-03 	22:16:33	5.73	21.53	17.03	12.823	19	322	40:25:4,90001	-3:33:10,84176	705
392	2018-10-03 	22:16:34	5.81	21.55	17.03	12.823	19	322	40:25:4,89983	-3:33:10,84241	705
393	2018-10-03 	22:16:35	-5.27	21.55	17.04	12.706	54	335	40:25:4,9003	-3:33:10,84198	704
394	2018-10-03 	22:16:36	-7.83	21.55	17.75	6.607	75	187	40:25:4,90152	-3:33:10,84201	704
395	2018-10-03 	22:16:37	11.71	21.53	18.05	5.012	20	165	40:25:4,90256	-3:33:10,84223	704
396	2018-10-03 	22:16:38	11.09	21.55	18.6	3.02	23	202	40:25:4,90516	-3:33:10,83989	704
397	2018-10-03 	22:16:39	10.89	21.55	18.39	3.664	23	199	40:25:4,90994	-3:33:10,85083	705
398	2018-10-03 	22:16:40	10.55	21.53	18.39	3.664	23	200	40:25:4,91315	-3:33:10,85918	705
399	2018-10-03 	22:16:41	10.65	21.53	18.39	3.664	23	199	40:25:4,91549	-3:33:10,86318	705
400	2018-10-03 	22:16:42	10.79	21.49	18.4	3.631	22	200	40:25:4,91707	-3:33:10,86152	705
401	2018-10-03 	22:16:43	10.85	21.55	18.46	3.436	22	204	40:25:4,91819	-3:33:10,85796	705
402	2018-10-03 	22:16:44	10.85	21.53	18.47	3.404	22	204	40:25:4,91862	-3:33:10,8562	705
403	2018-10-03 	22:16:45	10.85	21.49	18.46	3.436	22	203	40:25:4,91963	-3:33:10,85447	705
404	2018-10-03 	22:16:46	10.83	21.49	18.46	3.436	22	203	40:25:4,92146	-3:33:10,85364	705
405	2018-10-03 	22:16:47	10.85	21.49	18.46	3.436	22	204	40:25:4,92118	-3:33:10,85375	705
406	2018-10-03 	22:16:48	10.75	21.53	18.46	3.436	24	213	40:25:4,92233	-3:33:10,86113	705
407	2018-10-03 	22:16:49	4.93	21.53	17.82	6.194	40	210	40:25:4,92244	-3:33:10,87128	704
408	2018-10-03 	22:16:50	4.93	21.53	17.79	6.368	40	211	40:25:4,92067	-3:33:10,87132	704
409	2018-10-03 	22:16:51	4.37	21.53	17.79	6.368	41	209	40:25:4,92064	-3:33:10,87232	704
410	2018-10-03 	22:16:52	4.33	21.49	17.8	6.31	42	210	40:25:4,9211	-3:33:10,87996	704
411	2018-10-03 	22:16:53	4.37	21.49	17.8	6.31	41	212	40:25:4,92377	-3:33:10,87481	704
412	2018-10-03 	22:16:54	4.37	21.47	17.8	6.31	41	212	40:25:4,92262	-3:33:10,87232	704
413	2018-10-03 	22:16:55	4.31	21.49	17.8	6.31	42	212	40:25:4,92244	-3:33:10,86811	704
414	2018-10-03 	22:16:56	4.23	21.49	17.8	6.31	42	207	40:25:4,92056	-3:33:10,87009	704
415	2018-10-03 	22:16:57	4.19	21.47	17.8	6.31	42	207	40:25:4,91452	-3:33:10,88636	704
416	2018-10-03 	22:16:58	4.19	21.45	17.8	6.31	42	208	40:25:4,91221	-3:33:10,89745	704
417	2018-10-03 	22:16:59	-3.47	21.49	17.8	6.31	62	219	40:25:4,91149	-3:33:10,90465	704
418	2018-10-03 	22:17:00	-3.47	21.49	17.98	5.346	62	220	40:25:4,90584	-3:33:10,91437	704
419	2018-10-03 	22:17:01	-3.55	21.49	17.98	5.346	61	219	40:25:4,89364	-3:33:10,90678	703
420	2018-10-03 	22:17:02	-3.55	21.49	17.98	5.346	61	220	40:25:4,89144	-3:33:10,8877	703
421	2018-10-03 	22:17:03	-3.55	21.45	17.98	5.346	61	218	40:25:4,89144	-3:33:10,87571	703
422	2018-10-03 	22:17:04	-3.47	21.47	17.98	5.346	61	218	40:25:4,8914	-3:33:10,87002	703
423	2018-10-03 	22:17:05	-3.51	21.45	17.98	5.346	61	220	40:25:4,89	-3:33:10,86422	703
424	2018-10-03 	22:17:07	-3.51	21.45	17.98	5.346	62	219	40:25:4,88802	-3:33:10,86286	704
425	2018-10-03 	22:17:08	-3.55	21.45	17.98	5.346	61	219	40:25:4,88824	-3:33:10,85998	704
426	2018-10-03 	22:17:09	-8.67	21.43	17.98	5.346	75	232	40:25:4,88878	-3:33:10,85879	704
427	2018-10-03 	22:17:10	-9.57	21.43	18.04	5.058	79	231	40:25:4,89144	-3:33:10,85656	704
428	2018-10-03 	22:17:11	-9.61	21.45	18.04	5.058	79	231	40:25:4,89468	-3:33:10,85605	704
429	2018-10-03 	22:17:12	-9.45	21.43	18.04	5.058	79	229	40:25:4,89616	-3:33:10,85627	704
430	2018-10-03 	22:17:13	-9.61	21.45	18.04	5.058	79	231	40:25:4,89684	-3:33:10,85645	704
431	2018-10-03 	22:17:14	-9.53	21.45	18.04	5.058	79	230	40:25:4,89734	-3:33:10,85652	704
432	2018-10-03 	22:17:15	-9.53	21.45	18.04	5.058	79	230	40:25:4,8976	-3:33:10,85652	704
433	2018-10-03 	22:17:16	-9.61	21.41	18.04	5.058	79	230	40:25:4,8977	-3:33:10,85652	704
434	2018-10-03 	22:17:18	-9.49	21.43	18.04	5.058	79	229	40:25:4,89781	-3:33:10,85652	704
435	2018-10-03 	22:17:19	-9.45	21.41	18.04	5.058	79	233	40:25:4,89785	-3:33:10,85648	704
436	2018-10-03 	22:17:20	-9.45	21.41	18.03	5.105	81	23	40:25:4,89788	-3:33:10,85648	704
437	2018-10-03 	22:17:21	-9.45	21.41	17.97	5.395	81	20	40:25:4,89788	-3:33:10,85648	704
438	2018-10-03 	22:17:22	-9.45	21.41	17.97	5.395	81	24	40:25:4,89788	-3:33:10,85652	704
439	2018-10-03 	22:17:24	-9.45	21.41	17.97	5.395	81	25	40:25:4,89792	-3:33:10,85652	704
440	2018-10-03 	22:17:25	-9.45	21.41	17.97	5.395	81	21	40:25:4,89792	-3:33:10,85652	704
441	2018-10-03 	22:17:26	-9.45	21.41	17.97	5.395	81	26	40:25:4,89788	-3:33:10,85656	704
442	2018-10-03 	22:17:27	-9.45	21.41	17.97	5.395	81	22	40:25:4,89788	-3:33:10,85656	704
443	2018-10-03 	22:17:28	-9.45	21.41	17.97	5.395	81	22	40:25:4,89551	-3:33:10,85443	704
444	2018-10-03 	22:17:29	-9.45	21.41	17.97	5.395	81	22	40:25:4,89338	-3:33:10,84727	704
445	2018-10-03 	22:17:30	-9.19	21.39	17.97	5.395	62	22	40:25:4,90177	-3:33:10,84169	704
446	2018-10-03 	22:17:31	-9.15	21.39	17.8	6.31	61	24	40:25:4,91484	-3:33:10,83989	704
447	2018-10-03 	22:17:32	-9.19	21.41	17.8	6.31	63	24	40:25:4,92427	-3:33:10,83996	704
448	2018-10-03 	22:17:33	-9.19	21.39	17.8	6.31	61	21	40:25:4,93594	-3:33:10,84115	704
449	2018-10-03 	22:17:34	-8.97	21.41	17.79	6.368	61	20	40:25:4,94832	-3:33:10,84475	704
450	2018-10-03 	22:17:35	-9.05	21.41	17.79	6.368	62	22	40:25:4,9593	-3:33:10,84738	704
451	2018-10-03 	22:17:36	-9.05	21.41	17.79	6.368	61	21	40:25:4,96398	-3:33:10,85101	703
452	2018-10-03 	22:17:37	-9.05	21.39	17.79	6.368	61	22	40:25:4,97032	-3:33:10,85396	703
453	2018-10-03 	22:17:38	-9.05	21.37	17.79	6.368	61	23	40:25:4,97669	-3:33:10,85584	703
454	2018-10-03 	22:17:39	-9.05	21.39	17.79	6.368	61	21	40:25:4,98295	-3:33:10,85692	703
455	2018-10-03 	22:17:40	-7.65	21.39	17.79	6.368	50	9	40:25:4,98583	-3:33:10,85677	703
456	2018-10-03 	22:17:41	-3.43	21.37	17.45	8.71	50	9	40:25:4,98569	-3:33:10,86055	703
457	2018-10-03 	22:17:42	-3.31	21.39	17.42	8.954	41	6	40:25:4,98896	-3:33:10,86052	703
458	2018-10-03 	22:17:43	-3.27	21.37	17.41	9.036	41	4	40:25:4,98256	-3:33:10,86044	703
459	2018-10-03 	22:17:44	-2.99	21.37	17.41	9.036	40	9	40:25:4,97215	-3:33:10,8594	703
460	2018-10-03 	22:17:45	-2.99	21.39	17.4	9.12	40	8	40:25:4,96481	-3:33:10,86005	703
461	2018-10-03 	22:17:46	-2.99	21.35	17.39	9.204	40	12	40:25:4,95743	-3:33:10,8608	703
462	2018-10-03 	22:17:47	-2.99	21.35	17.39	9.204	40	9	40:25:4,95059	-3:33:10,8617	703
463	2018-10-03 	22:17:48	-2.95	21.37	17.39	9.204	40	10	40:25:4,95829	-3:33:10,86163	703
464	2018-10-03 	22:17:49	-3.03	21.35	17.39	9.204	40	9	40:25:4,95674	-3:33:10,86426	703
465	2018-10-03 	22:17:50	-2.91	21.39	17.4	9.12	40	10	40:25:4,95534	-3:33:10,86088	703
466	2018-10-03 	22:17:51	3.79	21.37	17.39	9.204	20	359	40:25:4,9467	-3:33:10,85825	703
467	2018-10-03 	22:17:53	3.79	21.37	16.83	15.417	19	0	40:25:4,94789	-3:33:10,84676	703
468	2018-10-03 	22:17:55	4.01	21.35	16.81	15.704	19	359	40:25:4,94342	-3:33:10,83704	702
469	2018-10-03 	22:17:56	4.01	21.35	16.81	15.704	19	359	40:25:4,94159	-3:33:10,83416	703
470	2018-10-03 	22:17:57	3.97	21.35	16.81	15.704	19	358	40:25:4,94033	-3:33:10,83294	703
471	2018-10-03 	22:17:58	4.01	21.33	16.81	15.704	18	2	40:25:4,9404	-3:33:10,83391	703
472	2018-10-03 	22:17:59	4.01	21.37	16.8	15.849	19	1	40:25:4,94101	-3:33:10,83542	703
473	2018-10-03 	22:18:00	-2.55	21.33	16.8	15.849	19	2	40:25:4,94454	-3:33:10,83661	703
474	2018-10-03 	22:18:01	-2.55	21.33	17.65	7.244	41	11	40:25:4,94659	-3:33:10,83748	703
475	2018-10-03 	22:18:02	9.35	21.35	18.03	5.105	78	228	40:25:4,94936	-3:33:10,84	703
476	2018-10-03 	22:18:03	12.29	21.37	18.38	3.698	30	203	40:25:4,95152	-3:33:10,84313	703
477	2018-10-03 	22:18:04	10.03	21.35	19.56	1.247	23	148	40:25:4,95404	-3:33:10,84633	702
478	2018-10-03 	22:18:06	5.15	21.33	18.07	4.92	23	52	40:25:4,95656	-3:33:10,84975	702
479	2018-10-03 	22:18:06	5.19	21.35	17.22	10.765	22	0	40:25:4,95908	-3:33:10,85011	702