#	TSP58C	20.27	T IR	T Sens	Mag  	Hz   	Alt	Azi  	Lat    	Lon   	SL m
1	202018-09-01 	23:37:03	8.29	25.45	19.6	1.854	26	0	38:21:47,17508	-4:54:6,06517	736
2	202018-09-01 	23:37:04	8.33	25.43	19.33	2.377	26	359	38:21:47,17325	-4:54:6,06438	736
3	202018-09-01 	23:37:05	8.29	25.43	19.33	2.377	26	359	38:21:47,17159	-4:54:6,0615	736
4	202018-09-01 	23:37:06	8.23	25.43	19.33	2.377	26	359	38:21:47,17073	-4:54:6,0593	737
5	202018-09-01 	23:37:07	8.27	25.43	19.33	2.377	26	359	38:21:47,17062	-4:54:6,05786	736
6	202018-09-01 	23:37:08	8.27	25.43	19.33	2.377	26	0	38:21:47,17069	-4:54:6,05765	736
7	202018-09-01 	23:37:09	8.19	25.37	19.33	2.377	26	359	38:21:47,1695	-4:54:6,05686	736
8	202018-09-01 	23:37:10	8.27	25.43	19.33	2.377	26	359	38:21:47,17004	-4:54:6,05437	737
9	202018-09-01 	23:37:11	8.33	25.45	19.33	2.377	26	1	38:21:47,17289	-4:54:6,05167	737
10	2018-09-01 	23:37:12	8.27	25.45	19.33	2.377	26	1	38:21:47,18437	-4:54:6,061	737
11	2018-09-01 	23:37:14	8.41	25.45	19.33	2.377	26	359	38:21:47,19341	-4:54:6,07165	737
12	2018-09-01 	23:37:15	8.37	25.41	19.33	2.377	26	359	38:21:47,19971	-4:54:6,07802	737
13	2018-09-01 	23:37:16	8.33	25.43	19.33	2.377	18	357	38:21:47,20576	-4:54:6,0822	737
14	2018-09-01 	23:37:17	1.63	25.41	20.19	1.076	46	14	38:21:47,20795	-4:54:6,08288	737
15	2018-09-01 	23:37:18	1.67	25.41	20.19	1.076	46	15	38:21:47,20878	-4:54:6,07846	737
16	2018-09-01 	23:37:19	1.67	25.43	20.2	1.067	46	14	38:21:47,21026	-4:54:6,07666	737
17	2018-09-01 	23:37:20	1.63	25.45	20.2	1.067	46	14	38:21:47,21256	-4:54:6,07507	738
18	2018-09-01 	23:37:21	1.63	25.45	20.2	1.067	46	14	38:21:47,21702	-4:54:6,07918	738
19	2018-09-01 	23:37:22	1.63	25.43	20.2	1.067	46	14	38:21:47,22037	-4:54:6,08256	738
20	2018-09-01 	23:37:23	1.63	25.41	20.2	1.067	45	14	38:21:47,22116	-4:54:6,08425	738
21	2018-09-01 	23:37:24	1.59	25.43	20.2	1.067	46	14	38:21:47,2216	-4:54:6,08551	738
22	2018-09-01 	23:37:25	1.59	25.41	20.2	1.067	46	14	38:21:47,22188	-4:54:6,08627	738
23	2018-09-01 	23:37:26	1.51	25.45	20.2	1.067	46	14	38:21:47,22199	-4:54:6,0867	738
24	2018-09-01 	23:37:27	-3.31	25.43	20.25	1.019	65	23	38:21:47,22203	-4:54:6,08695	738
25	2018-09-01 	23:37:28	-3.23	25.43	20.25	1.019	66	20	38:21:47,22203	-4:54:6,08706	738
26	2018-09-01 	23:37:29	-3.23	25.41	20.55	0.773	65	21	38:21:47,22196	-4:54:6,08702	738
27	2018-09-01 	23:37:30	-3.23	25.43	20.55	0.773	66	21	38:21:47,22188	-4:54:6,08702	738
28	2018-09-01 	23:37:31	-3.31	25.41	20.55	0.773	66	21	38:21:47,22181	-4:54:6,08699	738
29	2018-09-01 	23:37:32	-3.27	25.43	20.55	0.773	65	22	38:21:47,22174	-4:54:6,08702	738
30	2018-09-01 	23:37:33	-3.19	25.41	20.55	0.773	65	21	38:21:47,22167	-4:54:6,08699	738
31	2018-09-01 	23:37:34	-3.27	25.41	20.55	0.773	66	21	38:21:47,22163	-4:54:6,08706	738
32	2018-09-01 	23:37:35	-3.27	25.41	20.55	0.773	65	21	38:21:47,22163	-4:54:6,08713	738
33	2018-09-01 	23:37:36	-3.31	25.43	20.55	0.773	66	22	38:21:47,22163	-4:54:6,08717	738
34	2018-09-01 	23:37:37	-4.29	25.43	20.56	0.766	76	192	38:21:47,22163	-4:54:6,08717	738
35	2018-09-01 	23:37:38	-4.29	25.43	20.56	0.766	75	194	38:21:47,2216	-4:54:6,08717	738
36	2018-09-01 	23:37:39	-4.25	25.43	20.56	0.766	75	193	38:21:47,22192	-4:54:6,08407	738
37	2018-09-01 	23:37:40	-4.37	25.41	20.63	0.718	75	194	38:21:47,22314	-4:54:6,08317	738
38	2018-09-01 	23:37:41	-4.37	25.41	20.63	0.718	75	193	38:21:47,22325	-4:54:6,09491	738
39	2018-09-01 	23:37:42	-4.37	25.43	20.63	0.718	75	193	38:21:47,2248	-4:54:6,09822	738
40	2018-09-01 	23:37:43	-4.37	25.43	20.63	0.718	75	193	38:21:47,23063	-4:54:6,11208	738
41	2018-09-01 	23:37:44	-4.37	25.41	20.63	0.718	75	193	38:21:47,2333	-4:54:6,11971	738
42	2018-09-01 	23:37:45	-4.37	25.43	20.63	0.718	75	193	38:21:47,23924	-4:54:6,12443	737
43	2018-09-01 	23:37:46	-4.37	25.41	20.63	0.718	75	194	38:21:47,2486	-4:54:6,12576	738
44	2018-09-01 	23:37:47	-2.63	25.37	20.63	0.718	55	190	38:21:47,25263	-4:54:6,12698	738
45	2018-09-01 	23:37:48	-0.97	25.37	20.65	0.705	55	194	38:21:47,25421	-4:54:6,12986	738
46	2018-09-01 	23:37:49	-0.93	25.37	20.65	0.705	55	195	38:21:47,25695	-4:54:6,13127	738
47	2018-09-01 	23:37:50	-0.89	25.41	20.65	0.705	55	195	38:21:47,26127	-4:54:6,1313	738
48	2018-09-01 	23:37:51	-0.89	25.35	20.68	0.685	55	195	38:21:47,26296	-4:54:6,13087	738
49	2018-09-01 	23:37:52	-0.89	25.35	20.68	0.685	55	195	38:21:47,264	-4:54:6,13051	738
50	2018-09-01 	23:37:56	-0.81	25.37	20.68	0.685	54	195	38:21:47,26483	-4:54:6,13094	738
51	2018-09-01 	23:37:57	-0.81	25.37	20.68	0.685	55	195	38:21:47,26555	-4:54:6,13166	738
52	2018-09-01 	23:37:58	-0.89	25.37	20.68	0.685	55	195	38:21:47,26584	-4:54:6,13188	738
53	2018-09-01 	23:38:00	-0.89	25.35	20.68	0.685	55	195	38:21:47,26606	-4:54:6,13228	738
54	2018-09-01 	23:38:01	6.03	25.37	20.68	0.685	35	195	38:21:47,26609	-4:54:6,13235	738
55	2018-09-01 	23:38:02	6.07	25.35	20.68	0.685	35	195	38:21:47,26836	-4:54:6,12943	738
56	2018-09-01 	23:38:03	6.13	25.35	20.53	0.787	35	194	38:21:47,27009	-4:54:6,13566	738
57	2018-09-01 	23:38:04	6.13	25.33	20.53	0.787	35	194	38:21:47,26375	-4:54:6,13134	738
58	2018-09-01 	23:38:05	6.11	25.33	20.53	0.787	35	194	38:21:47,25932	-4:54:6,12634	738
59	2018-09-01 	23:38:06	6.17	25.35	20.53	0.787	35	195	38:21:47,25943	-4:54:6,12436	738
60	2018-09-01 	23:38:07	6.25	25.33	20.53	0.787	35	195	38:21:47,25814	-4:54:6,12554	738
61	2018-09-01 	23:38:08	6.13	25.35	20.53	0.787	35	195	38:21:47,2577	-4:54:6,12857	738
62	2018-09-01 	23:38:09	6.13	25.37	20.53	0.787	35	195	38:21:47,26058	-4:54:6,1358	738
63	2018-09-01 	23:38:10	6.11	25.35	20.53	0.787	35	195	38:21:47,26361	-4:54:6,14358	738
64	2018-09-01 	23:38:11	13.35	25.35	20.53	0.787	17	195	38:21:47,2667	-4:54:6,14794	738
65	2018-09-01 	23:38:12	13.35	25.35	20.53	0.787	16	194	38:21:47,26717	-4:54:6,14783	738
66	2018-09-01 	23:38:13	13.35	25.35	20.34	0.938	17	194	38:21:47,27232	-4:54:6,15028	739
67	2018-09-01 	23:38:14	13.35	25.33	20.34	0.938	17	195	38:21:47,27675	-4:54:6,15312	739
68	2018-09-01 	23:38:15	13.41	25.35	20.33	0.946	17	195	38:21:47,2783	-4:54:6,15672	739
69	2018-09-01 	23:38:16	13.39	25.35	20.33	0.946	17	194	38:21:47,2806	-4:54:6,15809	739
70	2018-09-01 	23:38:17	13.41	25.35	20.33	0.946	17	194	38:21:47,27804	-4:54:6,16432	739
71	2018-09-01 	23:38:18	13.35	25.37	20.33	0.946	17	195	38:21:47,27027	-4:54:6,17314	738
72	2018-09-01 	23:38:19	13.35	25.35	20.32	0.955	17	194	38:21:47,25385	-4:54:6,17872	738
73	2018-09-01 	23:38:20	13.41	25.33	20.32	0.955	17	193	38:21:47,25018	-4:54:6,17731	738
74	2018-09-01 	23:38:21	9.35	25.33	20.33	0.946	28	195	38:21:47,2473	-4:54:6,17962	738
75	2018-09-01 	23:38:22	-4.57	25.35	20.33	0.946	85	37	38:21:47,24838	-4:54:6,1758	738
76	2018-09-01 	23:38:23	5.71	25.35	20.29	0.982	35	328	38:21:47,2567	-4:54:6,18667	738
77	2018-09-01 	23:38:26	5.81	25.41	20.03	1.247	33	327	38:21:47,26886	-4:54:6,19081	738
78	2018-09-01 	23:38:27	5.81	25.37	20.03	1.247	33	327	38:21:47,26127	-4:54:6,17328	738
79	2018-09-01 	23:38:28	5.77	25.37	20.03	1.247	33	327	38:21:47,2541	-4:54:6,16162	738
80	2018-09-01 	23:38:29	5.81	25.41	20.03	1.247	33	328	38:21:47,24896	-4:54:6,15024	739
81	2018-09-01 	23:38:30	5.73	25.37	20.03	1.247	33	327	38:21:47,24089	-4:54:6,13969	739
82	2018-09-01 	23:38:31	5.89	25.37	20.03	1.247	33	327	38:21:47,23938	-4:54:6,12832	738
83	2018-09-01 	23:38:32	5.81	25.37	20.03	1.247	33	328	38:21:47,23204	-4:54:6,12972	738
84	2018-09-01 	23:38:33	5.81	25.41	20.03	1.247	33	328	38:21:47,23002	-4:54:6,1254	738
85	2018-09-01 	23:38:34	1.47	25.37	20.03	1.247	46	344	38:21:47,22746	-4:54:6,12364	738
86	2018-09-01 	23:38:35	1.41	25.41	20.03	1.247	46	338	38:21:47,21328	-4:54:6,13714	738
87	2018-09-01 	23:38:36	1.37	25.37	20.03	1.247	46	339	38:21:47,20619	-4:54:6,15128	738
88	2018-09-01 	23:38:37	1.33	25.37	20.37	0.912	46	338	38:21:47,20176	-4:54:6,16	738
89	2018-09-01 	23:38:38	1.37	25.37	20.37	0.912	46	338	38:21:47,19899	-4:54:6,16774	739
90	2018-09-01 	23:38:39	1.47	25.35	20.37	0.912	46	338	38:21:47,19838	-4:54:6,17069	738
91	2018-09-01 	23:38:40	1.37	25.41	20.37	0.912	46	337	38:21:47,19906	-4:54:6,17339	739
92	2018-09-01 	23:38:42	1.33	25.41	20.37	0.912	46	339	38:21:47,20244	-4:54:6,17692	739
93	2018-09-01 	23:38:43	1.33	25.41	20.37	0.912	46	339	38:21:47,20316	-4:54:6,17605	739
94	2018-09-01 	23:38:44	-3.27	25.41	20.37	0.912	62	345	38:21:47,20763	-4:54:6,17677	739
95	2018-09-01 	23:38:45	-3.27	25.41	20.37	0.912	65	341	38:21:47,20738	-4:54:6,17764	739
96	2018-09-01 	23:38:46	-3.27	25.41	20.7	0.673	65	340	38:21:47,21083	-4:54:6,17591	739
97	2018-09-01 	23:38:47	-3.23	25.41	20.7	0.673	65	341	38:21:47,21242	-4:54:6,1718	739
98	2018-09-01 	23:38:48	-3.23	25.41	20.7	0.673	65	342	38:21:47,21443	-4:54:6,16705	739
99	2018-09-01 	23:38:49	-3.43	25.43	20.71	0.667	65	340	38:21:47,21623	-4:54:6,16435	738
100	2018-09-01 	23:38:50	-3.39	25.43	20.71	0.667	65	343	38:21:47,21652	-4:54:6,16421	738
101	2018-09-01 	23:38:51	-3.31	25.37	20.71	0.667	65	342	38:21:47,21904	-4:54:6,16298	738
102	2018-09-01 	23:38:52	-3.43	25.41	20.71	0.667	65	343	38:21:47,22163	-4:54:6,15974	738
103	2018-09-01 	23:38:53	-3.35	25.43	20.71	0.667	65	341	38:21:47,22376	-4:54:6,15427	738
104	2018-09-01 	23:38:54	-3.83	25.43	20.71	0.667	66	331	38:21:47,22584	-4:54:6,15222	738
105	2018-09-01 	23:38:55	-4.49	25.41	20.71	0.667	78	172	38:21:47,22617	-4:54:6,1492	738
106	2018-09-01 	23:38:56	-4.45	25.43	20.71	0.667	78	172	38:21:47,23168	-4:54:6,14502	738
107	2018-09-01 	23:38:57	-4.57	25.41	20.71	0.667	78	173	38:21:47,23646	-4:54:6,14048	738
108	2018-09-01 	23:38:58	-4.45	25.41	20.63	0.718	78	173	38:21:47,23765	-4:54:6,1429	738
109	2018-09-01 	23:38:59	-4.57	25.37	20.63	0.718	78	172	38:21:47,24258	-4:54:6,14185	738
110	2018-09-01 	23:39:00	-4.53	25.41	20.63	0.718	78	172	38:21:47,24237	-4:54:6,14088	738
111	2018-09-01 	23:39:01	-4.57	25.41	20.63	0.718	78	172	38:21:47,24467	-4:54:6,13382	737
112	2018-09-01 	23:39:02	-4.53	25.37	20.63	0.718	78	174	38:21:47,2473	-4:54:6,12162	737
113	2018-09-01 	23:39:03	-4.49	25.41	20.63	0.718	78	172	38:21:47,25155	-4:54:6,11053	737
114	2018-09-01 	23:39:04	-4.53	25.37	20.63	0.718	78	172	38:21:47,25961	-4:54:6,10182	737
115	2018-09-01 	23:39:05	-0.45	25.41	20.63	0.718	52	171	38:21:47,26472	-4:54:6,10744	738
116	2018-09-01 	23:39:06	-0.45	25.37	20.68	0.685	53	169	38:21:47,25738	-4:54:6,11064	738
117	2018-09-01 	23:39:07	-0.45	25.37	20.68	0.685	53	169	38:21:47,25317	-4:54:6,1065	737
118	2018-09-01 	23:39:08	-0.49	25.37	20.68	0.685	53	169	38:21:47,24917	-4:54:6,10157	737
119	2018-09-01 	23:39:09	-0.57	25.41	20.7	0.673	53	169	38:21:47,24564	-4:54:6,10031	737
120	2018-09-01 	23:39:10	-0.57	25.37	20.7	0.673	53	169	38:21:47,24838	-4:54:6,09689	738
121	2018-09-01 	23:39:11	-0.57	25.37	20.7	0.673	53	169	38:21:47,24528	-4:54:6,09124	738
122	2018-09-01 	23:39:12	-0.49	25.35	20.7	0.673	53	169	38:21:47,2405	-4:54:6,09088	738
123	2018-09-01 	23:39:13	-0.61	25.37	20.7	0.673	53	169	38:21:47,23603	-4:54:6,09095	738
124	2018-09-01 	23:39:14	-0.57	25.37	20.7	0.673	53	169	38:21:47,23214	-4:54:6,0917	738
125	2018-09-01 	23:39:15	4.97	25.41	20.7	0.673	30	171	38:21:47,23247	-4:54:6,09325	738
126	2018-09-01 	23:39:16	5.59	25.35	20.7	0.673	36	169	38:21:47,23078	-4:54:6,0939	738
127	2018-09-01 	23:39:18	5.51	25.33	20.55	0.773	36	169	38:21:47,22534	-4:54:6,10196	738
128	2018-09-01 	23:39:19	5.55	25.37	20.55	0.773	36	169	38:21:47,22746	-4:54:6,10434	738
129	2018-09-01 	23:39:20	5.63	25.33	20.56	0.766	36	169	38:21:47,22833	-4:54:6,10546	738
130	2018-09-01 	23:39:21	5.71	25.35	20.56	0.766	36	169	38:21:47,22869	-4:54:6,10592	738
131	2018-09-01 	23:39:22	5.67	25.37	20.56	0.766	36	169	38:21:47,2289	-4:54:6,1061	738
132	2018-09-01 	23:39:23	5.67	25.37	20.56	0.766	36	169	38:21:47,22916	-4:54:6,10618	738
133	2018-09-01 	23:39:24	5.71	25.37	20.56	0.766	36	169	38:21:47,2293	-4:54:6,10621	738
134	2018-09-01 	23:39:25	5.67	25.35	20.56	0.766	40	165	38:21:47,22937	-4:54:6,10618	738
135	2018-09-01 	23:39:26	13.15	25.37	20.56	0.766	18	168	38:21:47,22937	-4:54:6,10618	738
136	2018-09-01 	23:39:27	13.21	25.37	20.56	0.766	18	168	38:21:47,22934	-4:54:6,1061	738
137	2018-09-01 	23:39:28	13.21	25.35	20.37	0.912	17	168	38:21:47,2293	-4:54:6,1061	738
138	2018-09-01 	23:39:29	13.21	25.37	20.37	0.912	18	169	38:21:47,22926	-4:54:6,1061	738
139	2018-09-01 	23:39:30	13.17	25.33	20.38	0.904	17	168	38:21:47,22923	-4:54:6,1061	738
140	2018-09-01 	23:39:31	13.25	25.37	20.38	0.904	18	168	38:21:47,22926	-4:54:6,10614	738
141	2018-09-01 	23:39:32	13.17	25.37	20.38	0.904	18	169	38:21:47,22923	-4:54:6,1061	738
142	2018-09-01 	23:39:33	13.15	25.35	20.38	0.904	17	169	38:21:47,22916	-4:54:6,1061	738
143	2018-09-01 	23:39:34	13.17	25.37	20.38	0.904	18	169	38:21:47,22908	-4:54:6,10607	738
144	2018-09-01 	23:39:35	13.21	25.37	20.38	0.904	17	169	38:21:47,22901	-4:54:6,10603	738
145	2018-09-01 	23:39:36	0.41	25.41	20.46	0.839	59	166	38:21:47,22898	-4:54:6,106	738
146	2018-09-01 	23:39:37	0.79	25.37	20.46	0.839	42	337	38:21:47,22894	-4:54:6,10596	738
147	2018-09-01 	23:39:38	6.57	25.37	20.46	0.839	30	286	38:21:47,2289	-4:54:6,10592	738
148	2018-09-01 	23:39:39	6.57	25.37	20.21	1.057	29	285	38:21:47,2289	-4:54:6,10592	738
149	2018-09-01 	23:39:40	6.65	25.37	20.21	1.057	30	286	38:21:47,22887	-4:54:6,10589	738
150	2018-09-01 	23:39:41	6.57	25.41	20.22	1.047	30	286	38:21:47,2289	-4:54:6,10589	738
151	2018-09-01 	23:39:42	6.57	25.41	20.22	1.047	30	287	38:21:47,2289	-4:54:6,10592	738
152	2018-09-01 	23:39:43	6.53	25.41	20.22	1.047	30	286	38:21:47,22887	-4:54:6,10592	738
153	2018-09-01 	23:39:44	6.61	25.43	20.22	1.047	30	286	38:21:47,22883	-4:54:6,10596	738
154	2018-09-01 	23:39:45	6.61	25.41	20.22	1.047	30	287	38:21:47,22386	-4:54:6,10744	738
155	2018-09-01 	23:39:46	6.61	25.45	20.22	1.047	30	287	38:21:47,21609	-4:54:6,11078	739
156	2018-09-01 	23:39:47	6.53	25.41	20.22	1.047	29	287	38:21:47,21	-4:54:6,12331	738
157	2018-09-01 	23:39:48	6.57	25.41	20.22	1.047	29	286	38:21:47,21126	-4:54:6,13559	738
158	2018-09-01 	23:39:49	2.05	25.41	20.22	1.047	43	293	38:21:47,20781	-4:54:6,14387	738
159	2018-09-01 	23:39:50	2.01	25.47	20.22	1.047	43	294	38:21:47,20396	-4:54:6,14873	738
160	2018-09-01 	23:39:51	2.01	25.45	20.57	0.759	43	294	38:21:47,19755	-4:54:6,15136	738
161	2018-09-01 	23:39:52	1.97	25.43	20.57	0.759	43	294	38:21:47,19107	-4:54:6,15355	739
162	2018-09-01 	23:39:53	2.01	25.43	20.57	0.759	43	293	38:21:47,18642	-4:54:6,15654	739
163	2018-09-01 	23:39:54	1.97	25.43	20.57	0.759	43	294	38:21:47,18045	-4:54:6,16018	739
164	2018-09-01 	23:39:55	2.05	25.45	20.57	0.759	43	295	38:21:47,17526	-4:54:6,16388	739
165	2018-09-01 	23:39:56	2.01	25.45	20.57	0.759	43	294	38:21:47,17292	-4:54:6,1691	738
166	2018-09-01 	23:39:57	2.09	25.45	20.57	0.759	43	292	38:21:47,16889	-4:54:6,17598	738
167	2018-09-01 	23:39:58	2.05	25.45	20.57	0.759	43	294	38:21:47,16821	-4:54:6,17688	738
168	2018-09-01 	23:39:59	-2.99	25.45	20.57	0.759	64	293	38:21:47,1677	-4:54:6,17778	738
169	2018-09-01 	23:40:00	-2.95	25.45	20.57	0.759	63	290	38:21:47,16763	-4:54:6,17821	738
170	2018-09-01 	23:40:01	-2.91	25.45	20.57	0.759	63	291	38:21:47,1676	-4:54:6,17832	738
171	2018-09-01 	23:40:02	-3.03	25.45	20.82	0.603	63	290	38:21:47,16756	-4:54:6,17839	738
172	2018-09-01 	23:40:03	-2.99	25.45	20.82	0.603	63	290	38:21:47,16752	-4:54:6,17839	738
173	2018-09-01 	23:40:04	-3.03	25.45	20.82	0.603	63	289	38:21:47,16749	-4:54:6,17839	738
174	2018-09-01 	23:40:05	-3.03	25.45	20.82	0.603	63	289	38:21:47,16749	-4:54:6,17843	738
175	2018-09-01 	23:40:06	-3.07	25.47	20.82	0.603	63	291	38:21:47,16749	-4:54:6,17843	738
176	2018-09-01 	23:40:07	-3.03	25.45	20.82	0.603	63	291	38:21:47,16752	-4:54:6,1785	738
177	2018-09-01 	23:40:08	-2.99	25.45	20.82	0.603	63	291	38:21:47,16756	-4:54:6,17857	738
178	2018-09-01 	23:40:09	-4.81	25.45	20.82	0.603	74	148	38:21:47,1676	-4:54:6,17864	738
179	2018-09-01 	23:40:10	-4.53	25.45	20.82	0.603	78	150	38:21:47,16767	-4:54:6,17872	738
180	2018-09-01 	23:40:11	-4.69	25.47	20.62	0.724	79	149	38:21:47,16767	-4:54:6,17879	738
181	2018-09-01 	23:40:12	-4.69	25.47	20.62	0.724	79	149	38:21:47,1677	-4:54:6,17886	738
182	2018-09-01 	23:40:13	-4.73	25.45	20.62	0.724	79	150	38:21:47,16778	-4:54:6,1789	738
183	2018-09-01 	23:40:14	-4.65	25.47	20.62	0.724	79	149	38:21:47,16781	-4:54:6,1789	738
184	2018-09-01 	23:40:15	-4.65	25.45	20.62	0.724	79	149	38:21:47,16785	-4:54:6,17886	738
185	2018-09-01 	23:40:16	-4.69	25.47	20.62	0.724	79	149	38:21:47,16662	-4:54:6,18311	738
186	2018-09-01 	23:40:17	-4.69	25.45	20.62	0.724	79	148	38:21:47,16925	-4:54:6,18124	738
187	2018-09-01 	23:40:18	-4.69	25.45	20.62	0.724	79	149	38:21:47,17631	-4:54:6,17753	738
188	2018-09-01 	23:40:19	-4.69	25.45	20.62	0.724	78	145	38:21:47,18275	-4:54:6,17321	738
189	2018-09-01 	23:40:20	-1.63	25.45	20.63	0.718	57	131	38:21:47,18758	-4:54:6,16871	738
190	2018-09-01 	23:40:21	-1.55	25.45	20.63	0.718	56	131	38:21:47,19197	-4:54:6,1645	738
191	2018-09-01 	23:40:22	-1.63	25.45	20.65	0.705	56	131	38:21:47,1955	-4:54:6,16446	739
192	2018-09-01 	23:40:23	-1.59	25.43	20.65	0.705	57	131	38:21:47,19982	-4:54:6,16622	739
193	2018-09-01 	23:40:24	-1.59	25.45	20.65	0.705	56	131	38:21:47,19964	-4:54:6,16864	739
194	2018-09-01 	23:40:25	-1.55	25.41	20.64	0.711	56	131	38:21:47,19726	-4:54:6,17288	739
195	2018-09-01 	23:40:26	-1.43	25.45	20.64	0.711	56	131	38:21:47,1946	-4:54:6,17756	739
196	2018-09-01 	23:40:27	-1.39	25.45	20.64	0.711	57	130	38:21:47,19247	-4:54:6,18332	739
197	2018-09-01 	23:40:28	-1.51	25.41	20.64	0.711	57	131	38:21:47,19136	-4:54:6,18574	739
198	2018-09-01 	23:40:29	-1.55	25.43	20.64	0.711	56	131	38:21:47,19085	-4:54:6,18692	739
199	2018-09-01 	23:40:30	5.77	25.45	20.64	0.711	37	128	38:21:47,18956	-4:54:6,19085	739
200	2018-09-01 	23:40:31	5.77	25.43	20.43	0.863	36	130	38:21:47,19352	-4:54:6,18649	739
201	2018-09-01 	23:40:32	5.73	25.43	20.43	0.863	35	131	38:21:47,19532	-4:54:6,18282	739
202	2018-09-01 	23:40:33	5.81	25.43	20.3	0.973	36	130	38:21:47,19949	-4:54:6,18199	739
203	2018-09-01 	23:40:34	5.85	25.43	20.3	0.973	35	131	38:21:47,20172	-4:54:6,17627	739
204	2018-09-01 	23:40:36	5.73	25.41	20.3	0.973	36	130	38:21:47,20615	-4:54:6,17335	739
205	2018-09-01 	23:40:37	5.73	25.41	20.3	0.973	36	131	38:21:47,20903	-4:54:6,17364	739
206	2018-09-01 	23:40:38	5.77	25.41	20.3	0.973	36	130	38:21:47,20954	-4:54:6,17436	739
207	2018-09-01 	23:40:39	5.77	25.43	20.3	0.973	36	130	38:21:47,21069	-4:54:6,16813	739
208	2018-09-01 	23:40:40	12.61	25.43	20.3	0.973	36	130	38:21:47,21285	-4:54:6,16241	739
209	2018-09-01 	23:40:41	12.63	25.43	20.13	1.138	19	130	38:21:47,21666	-4:54:6,15287	740
210	2018-09-01 	23:40:42	12.57	25.41	20.03	1.247	19	131	38:21:47,21558	-4:54:6,14678	740
211	2018-09-01 	23:40:44	12.61	25.43	20.03	1.247	19	131	38:21:47,21317	-4:54:6,13919	740
212	2018-09-01 	23:40:45	12.61	25.45	20.03	1.247	19	130	38:21:47,21299	-4:54:6,13346	740
213	2018-09-01 	23:40:46	12.71	25.43	20.03	1.247	19	131	38:21:47,21198	-4:54:6,13127	740
214	2018-09-01 	23:40:47	12.71	25.45	20.03	1.247	19	131	38:21:47,21119	-4:54:6,12958	740
215	2018-09-01 	23:40:48	12.71	25.43	20.03	1.247	19	131	38:21:47,21083	-4:54:6,12871	740
216	2018-09-01 	23:40:49	12.71	25.43	20.03	1.247	19	130	38:21:47,21065	-4:54:6,12828	740
217	2018-09-01 	23:40:50	12.71	25.43	20.03	1.247	18	132	38:21:47,21054	-4:54:6,1281	740
218	2018-09-01 	23:40:51	-4.77	25.45	20.03	1.247	85	183	38:21:47,21051	-4:54:6,12799	740
219	2018-09-01 	23:40:52	7.11	25.43	20.03	1.247	26	274	38:21:47,21054	-4:54:6,12799	740
220	2018-09-01 	23:40:53	8.37	25.45	20.5	0.809	25	254	38:21:47,21054	-4:54:6,12803	740
221	2018-09-01 	23:40:54	8.41	25.43	20.5	0.809	25	254	38:21:47,21054	-4:54:6,12803	740
222	2018-09-01 	23:40:55	8.45	25.41	20.4	0.887	25	254	38:21:47,21054	-4:54:6,12799	740
223	2018-09-01 	23:40:56	8.37	25.41	20.4	0.887	25	253	38:21:47,21062	-4:54:6,12792	740
224	2018-09-01 	23:40:57	8.41	25.43	20.41	0.879	25	254	38:21:47,21065	-4:54:6,12792	740
225	2018-09-01 	23:40:59	8.51	25.45	20.41	0.879	25	253	38:21:47,21069	-4:54:6,12796	740
226	2018-09-01 	23:41:00	8.41	25.45	20.41	0.879	25	254	38:21:47,21069	-4:54:6,12803	740
227	2018-09-01 	23:41:01	8.55	25.47	20.41	0.879	25	254	38:21:47,21072	-4:54:6,12803	740
228	2018-09-01 	23:41:02	8.47	25.45	20.41	0.879	25	254	38:21:47,21069	-4:54:6,12806	740
229	2018-09-01 	23:41:03	7.27	25.47	20.41	0.879	29	258	38:21:47,21004	-4:54:6,12212	740
230	2018-09-01 	23:41:04	4.01	25.47	20.52	0.794	38	257	38:21:47,2109	-4:54:6,11741	739
231	2018-09-01 	23:41:05	4.05	25.47	20.52	0.794	38	256	38:21:47,21548	-4:54:6,11208	739
232	2018-09-01 	23:41:06	3.85	25.43	20.52	0.794	38	257	38:21:47,21789	-4:54:6,11086	739
233	2018-09-01 	23:41:07	3.85	25.43	20.62	0.724	38	257	38:21:47,21576	-4:54:6,11053	739
234	2018-09-01 	23:41:08	3.97	25.45	20.62	0.724	38	256	38:21:47,21645	-4:54:6,10812	739
235	2018-09-01 	23:41:09	4.01	25.47	20.62	0.724	38	256	38:21:47,2176	-4:54:6,10564	739
236	2018-09-01 	23:41:10	4.01	25.45	20.62	0.724	38	256	38:21:47,21677	-4:54:6,1016	739
237	2018-09-01 	23:41:11	3.97	25.47	20.62	0.724	38	256	38:21:47,21605	-4:54:6,0975	739
238	2018-09-01 	23:41:12	3.93	25.49	20.62	0.724	38	257	38:21:47,21663	-4:54:6,09649	739
239	2018-09-01 	23:41:13	3.97	25.49	20.62	0.724	42	262	38:21:47,21699	-4:54:6,09937	739
240	2018-09-01 	23:41:14	-2.07	25.49	20.62	0.724	58	251	38:21:47,21717	-4:54:6,09948	739
241	2018-09-01 	23:41:15	-2.07	25.47	20.62	0.724	58	251	38:21:47,21756	-4:54:6,10027	739
242	2018-09-01 	23:41:16	-2.03	25.47	20.84	0.592	58	250	38:21:47,21735	-4:54:6,10106	739
243	2018-09-01 	23:41:17	-2.11	25.49	20.84	0.592	58	251	38:21:47,21706	-4:54:6,10178	739
244	2018-09-01 	23:41:18	-2.11	25.47	20.84	0.592	58	251	38:21:47,21706	-4:54:6,10225	739
245	2018-09-01 	23:41:19	-2.11	25.49	20.84	0.592	58	250	38:21:47,21702	-4:54:6,1025	739
246	2018-09-01 	23:41:20	-2.11	25.51	20.84	0.592	58	251	38:21:47,21702	-4:54:6,10261	739
247	2018-09-01 	23:41:21	-1.99	25.51	20.84	0.592	58	250	38:21:47,21702	-4:54:6,10272	739
248	2018-09-01 	23:41:22	-1.99	25.53	20.84	0.592	58	251	38:21:47,21699	-4:54:6,10279	739
249	2018-09-01 	23:41:23	-2.07	25.49	20.84	0.592	58	251	38:21:47,21699	-4:54:6,10286	739
250	2018-09-01 	23:41:24	-4.81	25.51	20.84	0.592	79	130	38:21:47,21699	-4:54:6,10294	739
251	2018-09-01 	23:41:25	-4.77	25.55	20.62	0.724	80	130	38:21:47,21699	-4:54:6,10294	739
252	2018-09-01 	23:41:26	-4.85	25.51	20.62	0.724	80	131	38:21:47,21699	-4:54:6,1029	739
253	2018-09-01 	23:41:27	-4.81	25.53	20.62	0.724	79	130	38:21:47,21699	-4:54:6,1029	739
254	2018-09-01 	23:41:28	-4.89	25.49	20.61	0.731	79	130	38:21:47,21699	-4:54:6,1029	739
255	2018-09-01 	23:41:29	-4.89	25.51	20.61	0.731	80	131	38:21:47,21699	-4:54:6,10286	739
256	2018-09-01 	23:41:31	-4.85	25.53	20.62	0.724	80	129	38:21:47,21695	-4:54:6,10286	739
257	2018-09-01 	23:41:32	-4.89	25.49	20.62	0.724	80	131	38:21:47,21695	-4:54:6,10283	739
258	2018-09-01 	23:41:33	-4.93	25.51	20.62	0.724	80	130	38:21:47,21688	-4:54:6,1029	739
259	2018-09-01 	23:41:34	-4.05	25.51	20.61	0.731	63	116	38:21:47,21699	-4:54:6,10297	739
260	2018-09-01 	23:41:35	-2.39	25.49	20.61	0.731	59	96	38:21:47,21738	-4:54:6,09948	739
261	2018-09-01 	23:41:36	-2.43	25.51	20.55	0.773	59	97	38:21:47,22199	-4:54:6,10006	738
262	2018-09-01 	23:41:37	-2.47	25.49	20.55	0.773	59	97	38:21:47,22242	-4:54:6,10056	738
263	2018-09-01 	23:41:38	-2.43	25.51	20.55	0.773	59	97	38:21:47,22001	-4:54:6,10322	738
264	2018-09-01 	23:41:39	-2.43	25.49	20.55	0.773	59	97	38:21:47,22242	-4:54:6,11107	738
265	2018-09-01 	23:41:40	-2.43	25.51	20.55	0.773	59	96	38:21:47,22242	-4:54:6,11107	738
266	2018-09-01 	23:41:41	-2.39	25.51	20.56	0.766	59	96	38:21:47,22365	-4:54:6,115	738
267	2018-09-01 	23:41:42	-2.31	25.53	20.56	0.766	59	96	38:21:47,22415	-4:54:6,12191	738
268	2018-09-01 	23:41:43	-2.35	25.49	20.56	0.766	59	96	38:21:47,22685	-4:54:6,12407	738
269	2018-09-01 	23:41:44	-2.35	25.49	20.55	0.773	59	97	38:21:47,22984	-4:54:6,125	738
270	2018-09-01 	23:41:45	4.01	25.49	20.55	0.773	41	94	38:21:47,23726	-4:54:6,12245	738
271	2018-09-01 	23:41:46	3.97	25.49	20.05	1.225	40	94	38:21:47,24741	-4:54:6,12292	738
272	2018-09-01 	23:41:47	4.05	25.49	20.05	1.225	40	95	38:21:47,25644	-4:54:6,12338	738
273	2018-09-01 	23:41:48	3.97	25.51	20.05	1.225	40	95	38:21:47,26066	-4:54:6,12313	738
274	2018-09-01 	23:41:49	4.01	25.49	20.05	1.225	40	95	38:21:47,26339	-4:54:6,1236	738
275	2018-09-01 	23:41:50	4.07	25.53	20.05	1.225	40	94	38:21:47,26487	-4:54:6,12385	738
276	2018-09-01 	23:41:51	4.05	25.49	20.05	1.225	40	95	38:21:47,26562	-4:54:6,12392	738
277	2018-09-01 	23:41:52	4.05	25.53	20.05	1.225	40	94	38:21:47,26602	-4:54:6,12392	738
278	2018-09-01 	23:41:54	4.01	25.49	20.05	1.225	40	93	38:21:47,26624	-4:54:6,12392	738
279	2018-09-01 	23:41:55	10.89	25.49	19.39	2.249	22	98	38:21:47,26418	-4:54:6,1196	738
280	2018-09-01 	23:41:56	10.93	25.47	19.27	2.512	23	96	38:21:47,24503	-4:54:6,10862	736
281	2018-09-01 	23:41:57	10.89	25.49	19.27	2.512	23	96	38:21:47,22552	-4:54:6,10031	736
282	2018-09-01 	23:41:58	10.85	25.51	19.27	2.512	23	96	38:21:47,21839	-4:54:6,0881	736
283	2018-09-01 	23:41:59	10.93	25.51	19.27	2.512	23	96	38:21:47,21584	-4:54:6,07644	736
284	2018-09-01 	23:42:00	10.93	25.49	19.27	2.512	23	97	38:21:47,21555	-4:54:6,06604	736
285	2018-09-01 	23:42:01	10.79	25.51	19.27	2.512	23	96	38:21:47,21342	-4:54:6,05819	735
286	2018-09-01 	23:42:02	10.89	25.51	19.27	2.512	23	97	38:21:47,21587	-4:54:6,05884	736
287	2018-09-01 	23:42:03	10.85	25.51	19.27	2.512	23	96	38:21:47,21832	-4:54:6,06305	736
288	2018-09-01 	23:42:04	10.95	25.51	19.27	2.512	23	96	38:21:47,21324	-4:54:6,07039	736
289	2018-09-01 	23:42:05	4.67	25.51	19.29	2.466	48	90	38:21:47,21695	-4:54:6,07392	736
290	2018-09-01 	23:42:06	-3.87	25.51	19.29	2.466	53	230	38:21:47,21839	-4:54:6,07187	736
291	2018-09-01 	23:42:07	10.09	25.51	19.29	2.466	22	232	38:21:47,21926	-4:54:6,06884	736
292	2018-09-01 	23:42:08	10.17	25.53	20.58	0.752	22	232	38:21:47,21839	-4:54:6,06647	736
293	2018-09-01 	23:42:10	10.09	25.53	20.53	0.787	22	232	38:21:47,21742	-4:54:6,0646	736
294	2018-09-01 	23:42:11	10.09	25.51	20.53	0.787	22	232	38:21:47,21749	-4:54:6,06442	736
295	2018-09-01 	23:42:12	10.17	25.53	20.53	0.787	22	231	38:21:47,2176	-4:54:6,06438	736
296	2018-09-01 	23:42:13	10.05	25.49	20.53	0.787	22	232	38:21:47,21828	-4:54:6,0642	736
297	2018-09-01 	23:42:14	10.09	25.51	20.53	0.787	21	232	38:21:47,21983	-4:54:6,06395	736
298	2018-09-01 	23:42:15	10.19	25.51	20.52	0.794	22	232	38:21:47,22138	-4:54:6,06373	736
299	2018-09-01 	23:42:16	10.27	25.53	20.52	0.794	21	232	38:21:47,22278	-4:54:6,06355	736
300	2018-09-01 	23:42:17	10.23	25.53	20.52	0.794	22	232	38:21:47,22401	-4:54:6,06355	736
301	2018-09-01 	23:42:18	5.59	25.53	20.53	0.787	33	231	38:21:47,22505	-4:54:6,06355	736
302	2018-09-01 	23:42:19	5.55	25.53	20.53	0.787	34	232	38:21:47,2257	-4:54:6,06352	736
303	2018-09-01 	23:42:20	5.55	25.53	20.53	0.787	34	232	38:21:47,22613	-4:54:6,06344	736
304	2018-09-01 	23:42:21	5.71	25.51	20.64	0.711	34	232	38:21:47,22642	-4:54:6,06341	736
305	2018-09-01 	23:42:22	5.77	25.53	20.64	0.711	34	232	38:21:47,22556	-4:54:6,05916	736
306	2018-09-01 	23:42:23	5.63	25.53	20.64	0.711	34	232	38:21:47,2266	-4:54:6,05282	737
307	2018-09-01 	23:42:24	5.63	25.55	20.64	0.711	34	233	38:21:47,22815	-4:54:6,0498	737
308	2018-09-01 	23:42:25	5.63	25.55	20.64	0.711	34	232	38:21:47,23024	-4:54:6,05182	737
309	2018-09-01 	23:42:26	5.63	25.53	20.64	0.711	34	232	38:21:47,23049	-4:54:6,05034	737
310	2018-09-01 	23:42:27	5.73	25.55	20.64	0.711	34	232	38:21:47,22991	-4:54:6,05009	736
311	2018-09-01 	23:42:28	-0.73	25.55	20.64	0.711	52	224	38:21:47,23049	-4:54:6,04613	737
312	2018-09-01 	23:42:29	-0.77	25.53	20.72	0.661	54	226	38:21:47,23258	-4:54:6,04192	736
313	2018-09-01 	23:42:30	-0.77	25.51	20.72	0.661	54	226	38:21:47,23531	-4:54:6,03896	736
314	2018-09-01 	23:42:31	-0.85	25.55	20.72	0.661	54	226	38:21:47,23571	-4:54:6,03432	737
315	2018-09-01 	23:42:32	-0.85	25.53	20.75	0.643	54	226	38:21:47,23708	-4:54:6,03299	737
316	2018-09-01 	23:42:33	-0.89	25.53	20.75	0.643	54	226	38:21:47,23614	-4:54:6,03252	737
317	2018-09-01 	23:42:34	-0.89	25.53	20.75	0.643	54	226	38:21:47,23564	-4:54:6,0313	737
318	2018-09-01 	23:42:35	-0.89	25.51	20.75	0.643	54	226	38:21:47,23513	-4:54:6,03043	737
319	2018-09-01 	23:42:36	-0.81	25.57	20.75	0.643	54	227	38:21:47,23502	-4:54:6,02989	737
320	2018-09-01 	23:42:37	-0.77	25.55	20.75	0.643	54	226	38:21:47,23492	-4:54:6,02968	737
321	2018-09-01 	23:42:38	-2.47	25.55	20.75	0.643	64	213	38:21:47,23301	-4:54:6,02388	737
322	2018-09-01 	23:42:39	-4.65	25.55	20.75	0.643	82	125	38:21:47,23585	-4:54:6,02154	737
323	2018-09-01 	23:42:40	-4.57	25.57	20.75	0.643	82	122	38:21:47,23571	-4:54:6,01391	737
324	2018-09-01 	23:42:41	-4.69	25.55	20.6	0.738	82	124	38:21:47,23808	-4:54:6,0075	737
325	2018-09-01 	23:42:42	-4.69	25.55	20.6	0.738	82	122	38:21:47,24449	-4:54:6,02734	737
326	2018-09-01 	23:42:43	-4.81	25.55	20.6	0.738	82	123	38:21:47,24892	-4:54:6,03641	737
327	2018-09-01 	23:42:44	-4.81	25.57	20.6	0.738	82	122	38:21:47,24896	-4:54:6,04314	737
328	2018-09-01 	23:42:45	-4.81	25.55	20.6	0.738	82	122	38:21:47,25184	-4:54:6,04922	737
329	2018-09-01 	23:42:46	-4.81	25.57	20.6	0.738	82	124	38:21:47,25011	-4:54:6,05034	737
330	2018-09-01 	23:42:47	-4.73	25.57	20.6	0.738	82	122	38:21:47,24906	-4:54:6,05088	737
331	2018-09-01 	23:42:49	-3.23	25.55	20.58	0.752	65	72	38:21:47,23826	-4:54:6,05452	737
332	2018-09-01 	23:42:50	-2.91	25.59	20.58	0.752	65	71	38:21:47,23128	-4:54:6,05225	737
333	2018-09-01 	23:42:51	-3.03	25.55	20.58	0.752	65	71	38:21:47,22296	-4:54:6,04922	737
334	2018-09-01 	23:42:52	-3.15	25.57	20.53	0.787	65	71	38:21:47,21594	-4:54:6,04631	737
335	2018-09-01 	23:42:53	-3.19	25.57	20.53	0.787	65	72	38:21:47,21083	-4:54:6,0467	737
336	2018-09-01 	23:42:54	-3.19	25.57	20.52	0.794	65	72	38:21:47,20662	-4:54:6,04793	737
337	2018-09-01 	23:42:55	-3.19	25.57	20.52	0.794	65	71	38:21:47,20424	-4:54:6,048	737
338	2018-09-01 	23:42:56	-3.27	25.57	20.52	0.794	65	73	38:21:47,20255	-4:54:6,04912	737
339	2018-09-01 	23:42:57	-3.23	25.57	20.53	0.787	65	72	38:21:47,20158	-4:54:6,05023	737
340	2018-09-01 	23:42:58	-3.35	25.59	20.53	0.787	65	71	38:21:47,20126	-4:54:6,05099	737
341	2018-09-01 	23:42:59	2.25	25.63	20.45	0.847	40	71	38:21:47,20122	-4:54:6,05153	737
342	2018-09-01 	23:43:00	2.21	25.59	20.45	0.847	45	67	38:21:47,20129	-4:54:6,05185	737
343	2018-09-01 	23:43:01	2.25	25.63	20.06	1.213	45	68	38:21:47,20136	-4:54:6,052	737
344	2018-09-01 	23:43:02	2.25	25.63	20.06	1.213	45	68	38:21:47,20273	-4:54:6,05272	737
345	2018-09-01 	23:43:03	2.27	25.59	20.05	1.225	45	67	38:21:47,19852	-4:54:6,06398	736
346	2018-09-01 	23:43:04	2.25	25.59	20.05	1.225	45	68	38:21:47,19568	-4:54:6,06992	736
347	2018-09-01 	23:43:05	2.27	25.63	20.05	1.225	45	67	38:21:47,19845	-4:54:6,08137	736
348	2018-09-01 	23:43:06	2.27	25.63	20.06	1.213	45	67	38:21:47,19931	-4:54:6,09048	736
349	2018-09-01 	23:43:07	2.27	25.65	20.06	1.213	45	67	38:21:47,20162	-4:54:6,09332	735
350	2018-09-01 	23:43:08	2.27	25.65	20.05	1.225	45	67	38:21:47,20514	-4:54:6,09822	735
351	2018-09-01 	23:43:09	2.47	25.59	20.05	1.225	37	71	38:21:47,20662	-4:54:6,10078	735
352	2018-09-01 	23:43:10	9.49	25.63	19.65	1.77	27	69	38:21:47,20939	-4:54:6,10312	735
353	2018-09-01 	23:43:12	9.49	25.65	19.25	2.559	27	69	38:21:47,20536	-4:54:6,10484	735
354	2018-09-01 	23:43:13	9.47	25.65	19.26	2.535	27	70	38:21:47,1983	-4:54:6,10805	735
355	2018-09-01 	23:43:14	9.49	25.63	19.26	2.535	27	69	38:21:47,19737	-4:54:6,11258	735
356	2018-09-01 	23:43:15	9.47	25.67	19.26	2.535	27	69	38:21:47,2037	-4:54:6,11572	736
357	2018-09-01 	23:43:16	9.35	25.65	19.26	2.535	27	69	38:21:47,20388	-4:54:6,11672	735
358	2018-09-01 	23:43:17	9.53	25.67	19.25	2.559	27	69	38:21:47,20651	-4:54:6,12443	735
359	2018-09-01 	23:43:18	9.39	25.69	19.26	2.535	27	69	38:21:47,21623	-4:54:6,13505	736
360	2018-09-01 	23:43:19	9.43	25.69	19.25	2.559	27	70	38:21:47,21911	-4:54:6,1434	735
361	2018-09-01 	23:43:20	-3.87	25.69	19.56	1.923	67	59	38:21:47,22066	-4:54:6,15409	736
362	2018-09-01 	23:43:21	7.19	25.69	19.56	1.923	20	233	38:21:47,22494	-4:54:6,1623	736
363	2018-09-01 	23:43:22	11.61	25.69	19.56	1.923	18	214	38:21:47,22026	-4:54:6,16738	737
364	2018-09-01 	23:43:23	11.65	25.71	20.47	0.832	18	214	38:21:47,21872	-4:54:6,1672	737
365	2018-09-01 	23:43:24	11.57	25.67	20.47	0.832	18	214	38:21:47,21483	-4:54:6,17353	737
366	2018-09-01 	23:43:25	11.55	25.65	20.43	0.863	18	214	38:21:47,20946	-4:54:6,17522	737
367	2018-09-01 	23:43:26	11.61	25.71	20.43	0.863	18	214	38:21:47,20882	-4:54:6,18721	736
368	2018-09-01 	23:43:27	11.61	25.67	20.44	0.855	18	213	38:21:47,20691	-4:54:6,19578	737
369	2018-09-01 	23:43:28	11.61	25.69	20.44	0.855	18	214	38:21:47,20774	-4:54:6,20154	737
370	2018-09-01 	23:43:29	11.61	25.71	20.44	0.855	18	214	38:21:47,2036	-4:54:6,20672	737
371	2018-09-01 	23:43:30	11.61	25.71	20.44	0.855	18	214	38:21:47,20201	-4:54:6,21335	737
372	2018-09-01 	23:43:31	11.67	25.71	20.44	0.855	18	214	38:21:47,19802	-4:54:6,22044	737
373	2018-09-01 	23:43:32	11.67	25.71	20.44	0.855	18	214	38:21:47,19316	-4:54:6,2262	737
374	2018-09-01 	23:43:33	6.87	25.71	20.44	0.855	30	211	38:21:47,18534	-4:54:6,22372	737
375	2018-09-01 	23:43:34	6.87	25.69	20.48	0.824	31	212	38:21:47,17613	-4:54:6,22202	738
376	2018-09-01 	23:43:35	6.87	25.71	20.48	0.824	31	212	38:21:47,16972	-4:54:6,22238	738
377	2018-09-01 	23:43:36	6.79	25.71	20.48	0.824	31	212	38:21:47,16684	-4:54:6,22379	738
378	2018-09-01 	23:43:37	6.79	25.73	20.48	0.824	31	212	38:21:47,16518	-4:54:6,2253	738
379	2018-09-01 	23:43:38	6.75	25.71	20.48	0.824	31	212	38:21:47,16436	-4:54:6,22634	738
380	2018-09-01 	23:43:39	6.79	25.71	20.48	0.824	31	212	38:21:47,164	-4:54:6,22696	738
381	2018-09-01 	23:43:40	6.75	25.73	20.48	0.824	31	212	38:21:47,16378	-4:54:6,22724	738
382	2018-09-01 	23:43:41	6.75	25.71	20.48	0.824	31	212	38:21:47,16371	-4:54:6,22739	738
383	2018-09-01 	23:43:42	6.83	25.75	20.48	0.824	31	213	38:21:47,16367	-4:54:6,22742	738
384	2018-09-01 	23:43:43	0.09	25.71	20.48	0.824	52	208	38:21:47,1636	-4:54:6,22742	738
385	2018-09-01 	23:43:44	0.05	25.73	20.64	0.711	51	207	38:21:47,16353	-4:54:6,22735	738
386	2018-09-01 	23:43:45	0.13	25.73	20.64	0.711	51	206	38:21:47,16349	-4:54:6,22724	738
387	2018-09-01 	23:43:46	0.05	25.71	20.64	0.711	51	207	38:21:47,16346	-4:54:6,2271	738
388	2018-09-01 	23:43:47	0.05	25.71	20.64	0.711	51	207	38:21:47,16349	-4:54:6,22692	738
389	2018-09-01 	23:43:48	0.05	25.73	20.64	0.711	51	207	38:21:47,16356	-4:54:6,22674	738
390	2018-09-01 	23:43:49	0.05	25.73	20.64	0.711	51	207	38:21:47,1636	-4:54:6,22656	738
391	2018-09-01 	23:43:50	0.17	25.75	20.64	0.711	51	207	38:21:47,16364	-4:54:6,22638	738
392	2018-09-01 	23:43:51	0.13	25.73	20.64	0.711	51	206	38:21:47,16198	-4:54:6,22926	738
393	2018-09-01 	23:43:52	0.13	25.75	20.64	0.711	51	207	38:21:47,16151	-4:54:6,22188	738
394	2018-09-01 	23:43:53	-4.77	25.73	20.64	0.711	80	182	38:21:47,15892	-4:54:6,21965	738
395	2018-09-01 	23:43:54	-4.81	25.73	20.64	0.711	84	133	38:21:47,15986	-4:54:6,21515	738
396	2018-09-01 	23:43:55	-4.85	25.75	20.59	0.745	85	135	38:21:47,15996	-4:54:6,21677	739
397	2018-09-01 	23:43:56	-4.77	25.73	20.59	0.745	85	131	38:21:47,15539	-4:54:6,21227	738
398	2018-09-01 	23:43:57	-4.85	25.73	20.59	0.745	84	134	38:21:47,14909	-4:54:6,20766	739
399	2018-09-01 	23:43:58	-4.89	25.75	20.59	0.745	84	134	38:21:47,14254	-4:54:6,20276	739
400	2018-09-01 	23:43:59	-4.81	25.75	20.59	0.745	84	132	38:21:47,14297	-4:54:6,20132	739
401	2018-09-01 	23:44:00	-4.89	25.73	20.59	0.745	84	133	38:21:47,1434	-4:54:6,2032	739
402	2018-09-01 	23:44:01	-4.89	25.75	20.59	0.745	84	134	38:21:47,14582	-4:54:6,20377	739
403	2018-09-01 	23:44:02	-4.81	25.75	20.59	0.745	84	136	38:21:47,14906	-4:54:6,20428	739
404	2018-09-01 	23:44:03	-4.81	25.75	20.59	0.745	86	140	38:21:47,15219	-4:54:6,20086	739
405	2018-09-01 	23:44:04	-3.87	25.73	20.59	0.745	69	46	38:21:47,1578	-4:54:6,20179	739
406	2018-09-01 	23:44:05	-3.79	25.71	20.59	0.745	69	47	38:21:47,15921	-4:54:6,19949	739
407	2018-09-01 	23:44:07	-3.75	25.77	20.48	0.824	69	47	38:21:47,16414	-4:54:6,19063	738
408	2018-09-01 	23:44:08	-3.83	25.75	20.48	0.824	69	46	38:21:47,16864	-4:54:6,17976	738
409	2018-09-01 	23:44:09	-3.87	25.73	20.48	0.824	69	46	38:21:47,17152	-4:54:6,17242	738
410	2018-09-01 	23:44:10	-3.83	25.73	20.48	0.824	69	45	38:21:47,17458	-4:54:6,16327	738
411	2018-09-01 	23:44:11	-3.79	25.75	20.47	0.832	69	46	38:21:47,17454	-4:54:6,15881	738
412	2018-09-01 	23:44:12	-3.71	25.77	20.47	0.832	69	45	38:21:47,18041	-4:54:6,1528	738
413	2018-09-01 	23:44:13	-3.75	25.77	20.48	0.824	69	46	38:21:47,1802	-4:54:6,15222	738
414	2018-09-01 	23:44:14	1.63	25.79	20.48	0.824	43	44	38:21:47,18027	-4:54:6,15467	738
415	2018-09-01 	23:44:15	1.63	25.75	19.99	1.294	46	42	38:21:47,17933	-4:54:6,15013	738
416	2018-09-01 	23:44:16	1.71	25.77	19.99	1.294	46	42	38:21:47,17598	-4:54:6,14275	737
417	2018-09-01 	23:44:17	1.67	25.77	19.99	1.294	47	41	38:21:47,17271	-4:54:6,1357	737
418	2018-09-01 	23:44:18	1.63	25.77	19.99	1.294	47	42	38:21:47,16731	-4:54:6,13012	737
419	2018-09-01 	23:44:19	1.71	25.79	19.98	1.306	46	43	38:21:47,164	-4:54:6,12439	737
420	2018-09-01 	23:44:20	1.63	25.77	19.99	1.294	46	42	38:21:47,16367	-4:54:6,12122	737
421	2018-09-01 	23:44:22	1.67	25.79	19.98	1.306	46	42	38:21:47,1685	-4:54:6,1146	737
422	2018-09-01 	23:44:23	1.59	25.75	19.98	1.306	46	42	38:21:47,16936	-4:54:6,11017	737
423	2018-09-01 	23:44:24	7.47	25.79	19.98	1.306	37	36	38:21:47,17026	-4:54:6,1051	736
424	2018-09-01 	23:44:25	7.51	25.79	19.58	1.888	31	43	38:21:47,17228	-4:54:6,0993	736
425	2018-09-01 	23:44:26	7.51	25.79	19.58	1.888	31	43	38:21:47,17361	-4:54:6,09602	736
426	2018-09-01 	23:44:27	7.45	25.77	19.57	1.905	30	43	38:21:47,17494	-4:54:6,09451	736
427	2018-09-01 	23:44:28	7.55	25.77	19.58	1.888	30	43	38:21:47,17537	-4:54:6,09361	736
428	2018-09-01 	23:44:30	7.55	25.79	19.58	1.888	31	43	38:21:47,17555	-4:54:6,09296	736
429	2018-09-01 	23:44:31	7.45	25.77	19.57	1.905	30	43	38:21:47,1757	-4:54:6,09286	736
430	2018-09-01 	23:44:32	7.45	25.79	19.57	1.905	31	44	38:21:47,17573	-4:54:6,09282	736
431	2018-09-01 	23:44:33	7.47	25.77	19.58	1.888	30	43	38:21:47,17573	-4:54:6,09275	736
432	2018-09-01 	23:44:34	7.41	25.79	19.57	1.905	30	43	38:21:47,17573	-4:54:6,09268	736
433	2018-09-01 	23:44:35	-4.17	25.81	19.57	1.905	75	176	38:21:47,17577	-4:54:6,09268	736
434	2018-09-01 	23:44:36	10.83	25.79	20.55	0.773	16	219	38:21:47,17577	-4:54:6,09268	736
435	2018-09-01 	23:44:37	6.65	25.81	20.55	0.773	24	278	38:21:47,17577	-4:54:6,09268	736
436	2018-09-01 	23:44:38	6.11	25.81	20.09	1.18	32	4	38:21:47,17577	-4:54:6,09268	736
437	2018-09-01 	23:44:39	5.99	25.81	19.71	1.675	33	4	38:21:47,17577	-4:54:6,09264	736
438	2018-09-01 	23:44:40	5.95	25.81	19.71	1.675	33	5	38:21:47,17573	-4:54:6,0926	736
439	2018-09-01 	23:44:41	5.93	25.81	19.71	1.675	33	3	38:21:47,1757	-4:54:6,09257	736
440	2018-09-01 	23:44:42	6.07	25.83	19.71	1.675	33	5	38:21:47,17638	-4:54:6,09167	736
441	2018-09-01 	23:44:43	5.99	25.81	19.71	1.675	33	4	38:21:47,17476	-4:54:6,09433	736
442	2018-09-01 	23:44:44	5.99	25.83	19.71	1.675	33	4	38:21:47,18081	-4:54:6,09912	736
443	2018-09-01 	23:44:45	6.03	25.83	19.71	1.675	32	4	38:21:47,17915	-4:54:6,10247	736
444	2018-09-01 	23:44:46	5.99	25.83	19.71	1.675	33	4	38:21:47,17793	-4:54:6,10798	736
445	2018-09-01 	23:44:47	5.99	25.87	19.71	1.675	33	4	38:21:47,18484	-4:54:6,1105	736
446	2018-09-01 	23:44:48	6.03	25.83	19.71	1.675	33	4	38:21:47,18966	-4:54:6,11075	736
447	2018-09-01 	23:44:49	6.03	25.83	19.71	1.675	33	4	38:21:47,1888	-4:54:6,1101	736
448	2018-09-01 	23:44:50	6.03	25.87	19.71	1.675	33	4	38:21:47,196	-4:54:6,10956	736
449	2018-09-01 	23:44:51	5.73	25.81	19.71	1.675	46	14	38:21:47,20532	-4:54:6,11244	736
450	2018-09-01 	23:44:52	1.43	25.83	19.71	1.675	47	13	38:21:47,20972	-4:54:6,11183	737
451	2018-09-01 	23:44:53	1.41	25.83	20.21	1.057	46	12	38:21:47,2072	-4:54:6,1114	737
452	2018-09-01 	23:44:54	1.43	25.89	20.21	1.057	46	12	38:21:47,20414	-4:54:6,11255	737
453	2018-09-01 	23:44:57	1.43	25.87	20.21	1.057	46	11	38:21:47,20752	-4:54:6,12306	737
454	2018-09-01 	23:44:58	1.47	25.87	20.21	1.057	46	12	38:21:47,20849	-4:54:6,1276	737
455	2018-09-01 	23:44:59	1.41	25.87	20.21	1.057	46	13	38:21:47,21022	-4:54:6,13256	737
456	2018-09-01 	23:45:00	1.47	25.89	20.21	1.057	46	11	38:21:47,21198	-4:54:6,13894	737
457	2018-09-01 	23:45:01	1.43	25.87	20.21	1.057	46	11	38:21:47,21314	-4:54:6,1443	737
458	2018-09-01 	23:45:02	-3.31	25.87	20.21	1.057	67	16	38:21:47,21328	-4:54:6,14776	737
459	2018-09-01 	23:45:03	-3.27	25.87	20.51	0.802	66	18	38:21:47,21314	-4:54:6,14959	737
460	2018-09-01 	23:45:04	-3.27	25.83	20.51	0.802	66	20	38:21:47,21328	-4:54:6,15017	737
461	2018-09-01 	23:45:05	-3.23	25.89	20.54	0.78	66	19	38:21:47,21342	-4:54:6,15042	737
462	2018-09-01 	23:45:06	-3.31	25.87	20.54	0.78	66	18	38:21:47,21346	-4:54:6,15056	737
463	2018-09-01 	23:45:07	-3.35	25.87	20.54	0.78	66	18	38:21:47,21346	-4:54:6,1506	737
464	2018-09-01 	23:45:08	-3.31	25.87	20.54	0.78	66	19	38:21:47,21346	-4:54:6,1506	737
465	2018-09-01 	23:45:09	-3.27	25.93	20.54	0.78	66	19	38:21:47,21346	-4:54:6,15064	737
466	2018-09-01 	23:45:10	-3.39	25.89	20.54	0.78	66	20	38:21:47,21346	-4:54:6,15071	737
467	2018-09-01 	23:45:11	-3.39	25.87	20.54	0.78	66	17	38:21:47,21346	-4:54:6,15071	737
468	2018-09-01 	23:45:12	-4.53	25.89	20.54	0.78	76	188	38:21:47,21346	-4:54:6,15071	737
469	2018-09-01 	23:45:13	-4.53	25.89	20.62	0.724	76	190	38:21:47,21342	-4:54:6,15067	737
470	2018-09-01 	23:45:14	-4.37	25.89	20.62	0.724	76	190	38:21:47,21342	-4:54:6,15056	737
471	2018-09-01 	23:45:15	-4.49	25.91	20.62	0.724	76	191	38:21:47,21342	-4:54:6,15056	737
472	2018-09-01 	23:45:16	-4.53	25.87	20.63	0.718	77	191	38:21:47,2149	-4:54:6,14837	737
473	2018-09-01 	23:45:17	-4.45	25.87	20.63	0.718	76	190	38:21:47,21256	-4:54:6,14732	737
474	2018-09-01 	23:45:18	-4.49	25.91	20.63	0.718	76	191	38:21:47,21198	-4:54:6,14498	738
475	2018-09-01 	23:45:19	-4.53	25.89	20.63	0.718	76	190	38:21:47,21638	-4:54:6,14315	738
476	2018-09-01 	23:45:20	-4.53	25.89	20.63	0.718	76	190	38:21:47,21638	-4:54:6,14315	738
477	2018-09-01 	23:45:21	-4.53	25.89	20.63	0.718	76	191	38:21:47,22077	-4:54:6,15136	738
478	2018-09-01 	23:45:22	-2.87	25.89	20.63	0.718	61	192	38:21:47,22631	-4:54:6,16259	738
479	2018-09-01 	23:45:23	-1.01	25.83	20.63	0.718	55	193	38:21:47,23024	-4:54:6,17346	738
480	2018-09-01 	23:45:25	-1.01	25.91	20.69	0.679	55	192	38:21:47,2342	-4:54:6,18192	738
481	2018-09-01 	23:45:26	-0.93	25.91	20.69	0.679	54	193	38:21:47,23477	-4:54:6,17908	738
482	2018-09-01 	23:45:27	-0.93	25.87	20.69	0.679	55	192	38:21:47,23477	-4:54:6,17908	738
483	202018-09-01 	23:45:28	-0.97	25.87	20.69	0.679	55	193	38:21:47,23096	-4:54:6,17612	738
484	202018-09-01 	23:45:29	-1.05	25.87	20.69	0.679	55	193	38:21:47,22898	-4:54:6,1722	738
3	202018-09-01 	23:45:30	-1.05	25.89	20.69	0.679	55	193	38:21:47,22836	-4:54:6,16993	739
4	202018-09-01 	23:45:31	-1.05	25.87	20.69	0.679	55	193	38:21:47,22685	-4:54:6,16889	739
5	202018-09-01 	23:45:32	-1.01	25.89	20.69	0.679	55	193	38:21:47,22635	-4:54:6,16799	739
6	202018-09-01 	23:45:33	6.25	25.89	20.64	0.711	34	192	38:21:47,22602	-4:54:6,1677	739
7	202018-09-01 	23:45:34	6.29	25.89	20.64	0.711	34	193	38:21:47,22584	-4:54:6,16738	739
8	202018-09-01 	23:45:35	6.25	25.91	20.64	0.711	34	193	38:21:47,22584	-4:54:6,16738	739
9	202018-09-01 	23:45:36	6.29	25.89	20.51	0.802	34	193	38:21:47,22581	-4:54:6,1673	739
10	2018-09-01 	23:45:37	6.35	25.93	20.51	0.802	34	193	38:21:47,22581	-4:54:6,1673	739
11	2018-09-01 	23:45:38	6.33	25.91	20.5	0.809	34	193	38:21:47,22581	-4:54:6,1673	739
12	2018-09-01 	23:45:39	6.25	25.91	20.5	0.809	34	193	38:21:47,22577	-4:54:6,16738	739
13	2018-09-01 	23:45:40	6.33	25.89	20.5	0.809	34	193	38:21:47,22584	-4:54:6,16745	739
14	2018-09-01 	23:45:41	6.29	25.89	20.5	0.809	34	193	38:21:47,22592	-4:54:6,16774	739
15	2018-09-01 	23:45:42	6.33	25.89	20.5	0.809	34	193	38:21:47,22595	-4:54:6,16788	739
16	2018-09-01 	23:45:43	13.27	25.89	20.49	0.817	16	192	38:21:47,22595	-4:54:6,16788	739
17	2018-09-01 	23:45:44	13.31	25.89	20.49	0.817	17	193	38:21:47,22595	-4:54:6,16806	739
18	2018-09-01 	23:45:45	13.51	25.91	20.37	0.912	16	192	38:21:47,22595	-4:54:6,1681	739
19	2018-09-01 	23:45:46	13.27	25.87	20.37	0.912	17	192	38:21:47,22599	-4:54:6,1681	739
20	2018-09-01 	23:45:48	13.35	25.89	20.36	0.92	17	192	38:21:47,22599	-4:54:6,16806	739
21	2018-09-01 	23:45:49	13.39	25.91	20.36	0.92	16	193	38:21:47,22595	-4:54:6,16806	739
22	2018-09-01 	23:45:50	13.41	25.89	20.37	0.912	16	193	38:21:47,22588	-4:54:6,16802	739
23	2018-09-01 	23:45:51	13.51	25.87	20.37	0.912	16	193	38:21:47,22584	-4:54:6,16802	739
24	2018-09-01 	23:45:52	13.61	25.89	20.37	0.912	16	193	38:21:47,22581	-4:54:6,16799	739
25	2018-09-01 	23:45:53	9.21	25.91	20.37	0.912	34	192	38:21:47,22584	-4:54:6,16799	739
26	2018-09-01 	23:45:54	-4.29	25.91	20.49	0.817	70	27	38:21:47,22584	-4:54:6,16799	739
27	2018-09-01 	23:45:55	5.45	25.91	20.49	0.817	34	323	38:21:47,22595	-4:54:6,16802	739
28	2018-09-01 	23:45:56	5.45	25.93	20.02	1.259	33	325	38:21:47,22602	-4:54:6,16806	739
29	2018-09-01 	23:45:57	5.41	25.89	20.02	1.259	33	325	38:21:47,22602	-4:54:6,16806	739
30	2018-09-01 	23:45:58	5.45	25.93	20.08	1.191	33	324	38:21:47,22606	-4:54:6,16806	739
31	2018-09-01 	23:45:59	5.49	25.93	20.08	1.191	33	325	38:21:47,22703	-4:54:6,16367	739
32	2018-09-01 	23:46:00	5.45	25.91	20.07	1.202	33	326	38:21:47,21936	-4:54:6,16453	739
33	2018-09-01 	23:46:01	5.51	25.95	20.07	1.202	33	324	38:21:47,21134	-4:54:6,16745	739
34	2018-09-01 	23:46:02	5.49	25.93	20.08	1.191	33	325	38:21:47,20705	-4:54:6,16576	739
35	2018-09-01 	23:46:03	5.37	25.93	20.07	1.202	33	324	38:21:47,20414	-4:54:6,16518	739
36	2018-09-01 	23:46:04	5.29	25.93	20.07	1.202	33	324	38:21:47,20115	-4:54:6,16781	739
37	2018-09-01 	23:46:05	5.41	25.95	20.08	1.191	33	326	38:21:47,20133	-4:54:6,17461	739
38	2018-09-01 	23:46:06	1.17	25.93	20.08	1.191	46	332	38:21:47,19553	-4:54:6,17368	739
39	2018-09-01 	23:46:07	1.21	25.93	20.33	0.946	46	333	38:21:47,19553	-4:54:6,17368	739
40	2018-09-01 	23:46:08	1.17	25.93	20.33	0.946	46	334	38:21:47,19766	-4:54:6,16457	739
41	2018-09-01 	23:46:09	1.25	25.95	20.39	0.895	46	334	38:21:47,20003	-4:54:6,16813	739
42	2018-09-01 	23:46:10	1.25	25.95	20.39	0.895	46	334	38:21:47,20511	-4:54:6,17144	738
43	2018-09-01 	23:46:11	1.25	25.97	20.39	0.895	46	334	38:21:47,20626	-4:54:6,174	738
44	2018-09-01 	23:46:12	1.21	25.95	20.39	0.895	45	333	38:21:47,20921	-4:54:6,17918	738
45	2018-09-01 	23:46:13	1.21	25.93	20.39	0.895	45	333	38:21:47,21152	-4:54:6,18347	738
46	2018-09-01 	23:46:14	1.29	25.97	20.39	0.895	45	334	38:21:47,21328	-4:54:6,1907	738
47	2018-09-01 	23:46:15	1.21	25.95	20.39	0.895	46	333	38:21:47,21436	-4:54:6,19625	737
48	2018-09-01 	23:46:16	-3.63	25.95	20.39	0.895	67	330	38:21:47,214	-4:54:6,19938	737
49	2018-09-01 	23:46:17	-3.55	25.97	20.39	0.895	66	335	38:21:47,21368	-4:54:6,20147	737
50	2018-09-01 	23:46:18	-3.63	25.95	20.39	0.895	65	336	38:21:47,21353	-4:54:6,20255	737
51	2018-09-01 	23:46:19	-3.47	25.99	20.71	0.667	65	336	38:21:47,21346	-4:54:6,20316	737
52	2018-09-01 	23:46:20	-3.51	25.97	20.71	0.667	66	336	38:21:47,21342	-4:54:6,20345	737
53	2018-09-01 	23:46:21	-3.63	25.95	20.71	0.667	66	336	38:21:47,21342	-4:54:6,20348	737
54	2018-09-01 	23:46:22	-3.51	25.97	20.71	0.667	66	336	38:21:47,21342	-4:54:6,20348	737
55	2018-09-01 	23:46:23	-3.55	25.99	20.71	0.667	65	335	38:21:47,21342	-4:54:6,20348	737
56	2018-09-01 	23:46:25	-3.55	25.99	20.71	0.667	66	336	38:21:47,21562	-4:54:6,20006	738
57	2018-09-01 	23:46:26	-3.71	25.97	20.71	0.667	88	283	38:21:47,21562	-4:54:6,20006	738
58	2018-09-01 	23:46:27	-4.61	25.97	20.71	0.667	77	170	38:21:47,22199	-4:54:6,19427	738
59	2018-09-01 	23:46:28	-4.57	26.01	20.65	0.705	77	169	38:21:47,22646	-4:54:6,19229	738
60	2018-09-01 	23:46:29	-4.65	26.01	20.65	0.705	77	170	38:21:47,22876	-4:54:6,18797	738
61	2018-09-01 	23:46:30	-4.61	25.99	20.65	0.705	77	169	38:21:47,22736	-4:54:6,1879	738
62	2018-09-01 	23:46:31	-4.61	25.97	20.63	0.718	77	169	38:21:47,23038	-4:54:6,18487	738
63	2018-09-01 	23:46:32	-4.65	26.01	20.63	0.718	77	169	38:21:47,2279	-4:54:6,18095	739
64	2018-09-01 	23:46:33	-4.65	25.99	20.63	0.718	77	169	38:21:47,22386	-4:54:6,1771	739
65	2018-09-01 	23:46:34	-4.65	25.95	20.63	0.718	77	169	38:21:47,22084	-4:54:6,16838	739
66	2018-09-01 	23:46:35	-4.65	26.01	20.63	0.718	77	168	38:21:47,21771	-4:54:6,16374	739
67	2018-09-01 	23:46:36	-4.73	25.97	20.63	0.718	77	169	38:21:47,2154	-4:54:6,16129	739
68	2018-09-01 	23:46:37	-1.13	25.99	20.63	0.718	55	165	38:21:47,21425	-4:54:6,16025	739
69	2018-09-01 	23:46:38	-1.13	25.99	20.63	0.718	55	165	38:21:47,21357	-4:54:6,15992	739
70	2018-09-01 	23:46:39	-1.05	26.01	20.69	0.679	55	165	38:21:47,21317	-4:54:6,15989	739
71	2018-09-01 	23:46:40	-1.09	25.95	20.69	0.679	55	165	38:21:47,21299	-4:54:6,15996	739
72	2018-09-01 	23:46:41	-1.05	25.97	20.69	0.679	55	165	38:21:47,21299	-4:54:6,15996	739
73	2018-09-01 	23:46:43	-1.05	26.01	20.7	0.673	55	166	38:21:47,21263	-4:54:6,16021	739
74	2018-09-01 	23:46:44	-1.01	26.01	20.7	0.673	55	166	38:21:47,2126	-4:54:6,16025	739
75	2018-09-01 	23:46:45	-1.01	25.99	20.7	0.673	55	164	38:21:47,21256	-4:54:6,16025	739
76	2018-09-01 	23:46:46	-1.01	25.97	20.7	0.673	55	164	38:21:47,21256	-4:54:6,16036	739
77	2018-09-01 	23:46:47	5.85	25.97	20.7	0.673	55	164	38:21:47,21256	-4:54:6,16046	739
78	2018-09-01 	23:46:48	5.95	25.97	20.63	0.718	35	165	38:21:47,2126	-4:54:6,16054	739
79	2018-09-01 	23:46:49	5.95	26.01	20.63	0.718	35	165	38:21:47,2126	-4:54:6,16057	739
80	2018-09-01 	23:46:50	5.99	25.97	20.52	0.794	35	165	38:21:47,2126	-4:54:6,16057	739
81	2018-09-01 	23:46:51	5.95	25.97	20.52	0.794	35	165	38:21:47,21267	-4:54:6,16068	739
82	2018-09-01 	23:46:52	5.99	25.99	20.52	0.794	35	165	38:21:47,2127	-4:54:6,16068	739
83	2018-09-01 	23:46:53	6.03	25.97	20.52	0.794	35	165	38:21:47,2127	-4:54:6,16075	739
84	2018-09-01 	23:46:54	6.03	25.97	20.52	0.794	35	165	38:21:47,2127	-4:54:6,16082	739
85	2018-09-01 	23:46:55	6.03	26.01	20.51	0.802	35	165	38:21:47,2127	-4:54:6,16082	739
86	2018-09-01 	23:46:56	6.03	25.97	20.51	0.802	35	165	38:21:47,21267	-4:54:6,16082	739
87	2018-09-01 	23:46:57	5.95	25.97	20.51	0.802	41	163	38:21:47,2126	-4:54:6,16082	739
88	2018-09-01 	23:46:58	13.41	25.99	20.49	0.817	17	164	38:21:47,21256	-4:54:6,16082	739
89	2018-09-01 	23:46:59	13.51	25.97	20.49	0.817	17	165	38:21:47,21252	-4:54:6,16086	739
90	2018-09-01 	23:47:00	13.49	25.99	20.36	0.92	17	165	38:21:47,21249	-4:54:6,16093	739
91	2018-09-01 	23:47:01	13.49	25.97	20.36	0.92	17	164	38:21:47,21245	-4:54:6,161	739
92	2018-09-01 	23:47:02	13.49	25.97	20.36	0.92	17	164	38:21:47,21245	-4:54:6,16108	739
93	2018-09-01 	23:47:03	13.51	25.97	20.36	0.92	17	164	38:21:47,21242	-4:54:6,16108	739
94	2018-09-01 	23:47:04	13.51	25.95	20.36	0.92	17	164	38:21:47,21242	-4:54:6,16104	739
95	2018-09-01 	23:47:06	13.49	25.95	20.36	0.92	17	164	38:21:47,21238	-4:54:6,16104	739
96	2018-09-01 	23:47:07	13.59	25.97	20.36	0.92	17	165	38:21:47,21238	-4:54:6,16104	739
97	2018-09-01 	23:47:08	-0.73	25.95	20.36	0.92	58	166	38:21:47,21242	-4:54:6,16104	739
98	2018-09-01 	23:47:09	2.27	25.97	20.53	0.787	44	340	38:21:47,21242	-4:54:6,16108	739
99	2018-09-01 	23:47:10	6.47	25.99	20.53	0.787	44	340	38:21:47,21245	-4:54:6,16111	739
100	2018-09-01 	23:47:11	6.43	25.97	20.22	1.047	30	285	38:21:47,21249	-4:54:6,16115	739
101	2018-09-01 	23:47:12	6.51	25.97	20.22	1.047	30	285	38:21:47,21256	-4:54:6,16118	739
102	2018-09-01 	23:47:13	6.51	26.01	20.22	1.047	29	285	38:21:47,21256	-4:54:6,16122	739
103	2018-09-01 	23:47:14	6.43	26.01	20.22	1.047	30	286	38:21:47,2126	-4:54:6,16118	739
104	2018-09-01 	23:47:15	6.39	25.97	20.22	1.047	29	285	38:21:47,21263	-4:54:6,16122	739
105	2018-09-01 	23:47:16	6.39	25.97	20.22	1.047	30	285	38:21:47,2127	-4:54:6,16122	739
106	2018-09-01 	23:47:17	6.39	25.99	20.22	1.047	29	284	38:21:47,21278	-4:54:6,16126	739
107	2018-09-01 	23:47:18	6.43	25.99	20.22	1.047	29	285	38:21:47,21281	-4:54:6,16129	739
108	2018-09-01 	23:47:19	6.43	25.99	20.22	1.047	30	285	38:21:47,21288	-4:54:6,16133	739
109	2018-09-01 	23:47:20	6.47	25.99	20.22	1.047	30	285	38:21:47,21296	-4:54:6,16136	739
110	2018-09-01 	23:47:21	1.97	26.03	20.22	1.047	42	292	38:21:47,21303	-4:54:6,1614	739
111	2018-09-01 	23:47:22	1.89	26.03	20.47	0.832	43	293	38:21:47,21306	-4:54:6,16151	739
112	2018-09-01 	23:47:23	1.85	26.01	20.47	0.832	43	293	38:21:47,21314	-4:54:6,16154	739
113	2018-09-01 	23:47:24	1.85	26.01	20.56	0.766	43	293	38:21:47,21317	-4:54:6,16158	739
114	2018-09-01 	23:47:25	1.83	26.01	20.56	0.766	43	292	38:21:47,21321	-4:54:6,16162	739
115	2018-09-01 	23:47:26	1.83	26.01	20.56	0.766	43	293	38:21:47,21328	-4:54:6,16169	739
116	2018-09-01 	23:47:27	1.85	26.03	20.56	0.766	43	292	38:21:47,21332	-4:54:6,16176	739
117	2018-09-01 	23:47:28	1.83	26.03	20.56	0.766	43	292	38:21:47,21335	-4:54:6,1618	739
118	2018-09-01 	23:47:29	1.83	26.05	20.56	0.766	43	293	38:21:47,21335	-4:54:6,16183	739
119	2018-09-01 	23:47:31	-3.23	26.03	20.56	0.766	63	290	38:21:47,21342	-4:54:6,1619	739
120	2018-09-01 	23:47:32	-3.15	26.05	20.79	0.619	63	289	38:21:47,21339	-4:54:6,16194	739
121	2018-09-01 	23:47:33	-3.15	26.03	20.79	0.619	63	289	38:21:47,21339	-4:54:6,16201	739
122	2018-09-01 	23:47:34	-3.15	26.01	20.79	0.619	63	289	38:21:47,21339	-4:54:6,16205	739
123	2018-09-01 	23:47:35	-3.19	26.03	20.79	0.619	63	290	38:21:47,21335	-4:54:6,16216	739
124	2018-09-01 	23:47:36	-3.23	26.05	20.81	0.608	62	289	38:21:47,21335	-4:54:6,16226	739
125	2018-09-01 	23:47:37	-3.15	26.05	20.81	0.608	63	288	38:21:47,21332	-4:54:6,16237	739
126	2018-09-01 	23:47:38	-3.19	26.05	20.81	0.608	63	288	38:21:47,21324	-4:54:6,16241	739
127	2018-09-01 	23:47:39	-3.23	26.05	20.81	0.608	62	289	38:21:47,21324	-4:54:6,16241	739
128	2018-09-01 	23:47:40	-3.27	26.05	20.81	0.608	63	289	38:21:47,21321	-4:54:6,16252	739
129	2018-09-01 	23:47:41	-4.89	26.03	20.81	0.608	73	144	38:21:47,21324	-4:54:6,16259	739
130	2018-09-01 	23:47:42	-4.77	26.05	20.71	0.667	77	144	38:21:47,21328	-4:54:6,16262	739
131	2018-09-01 	23:47:43	-4.77	26.09	20.71	0.667	77	143	38:21:47,21332	-4:54:6,1627	739
132	2018-09-01 	23:47:44	-4.73	26.09	20.71	0.667	77	143	38:21:47,21339	-4:54:6,16273	739
133	2018-09-01 	23:47:45	-4.73	26.09	20.65	0.705	76	143	38:21:47,21119	-4:54:6,16151	739
134	2018-09-01 	23:47:46	-4.81	26.09	20.65	0.705	77	143	38:21:47,20975	-4:54:6,16842	738
135	2018-09-01 	23:47:47	-4.77	26.11	20.65	0.705	77	143	38:21:47,20957	-4:54:6,17062	738
136	2018-09-01 	23:47:48	-4.73	26.03	20.65	0.705	77	142	38:21:47,20284	-4:54:6,17328	738
137	2018-09-01 	23:47:49	-4.73	26.05	20.65	0.705	77	143	38:21:47,19521	-4:54:6,17274	738
138	2018-09-01 	23:47:50	-4.73	26.09	20.65	0.705	76	143	38:21:47,20028	-4:54:6,16223	738
139	2018-09-01 	23:47:51	-4.77	26.05	20.65	0.705	79	142	38:21:47,20554	-4:54:6,15506	738
140	2018-09-01 	23:47:52	-1.55	26.09	20.65	0.705	56	129	38:21:47,209	-4:54:6,14527	738
141	2018-09-01 	23:47:53	-1.51	26.05	20.62	0.724	56	129	38:21:47,20896	-4:54:6,14052	738
142	2018-09-01 	23:47:54	-1.55	26.05	20.62	0.724	56	130	38:21:47,20813	-4:54:6,13454	737
143	2018-09-01 	23:47:55	-1.47	26.03	20.62	0.724	56	129	38:21:47,20655	-4:54:6,13256	737
144	2018-09-01 	23:47:56	-1.43	26.05	20.63	0.718	56	129	38:21:47,20464	-4:54:6,13008	737
145	2018-09-01 	23:47:57	-1.51	26.05	20.63	0.718	56	129	38:21:47,19964	-4:54:6,12785	737
146	2018-09-01 	23:47:58	-1.51	26.03	20.63	0.718	56	129	38:21:47,20136	-4:54:6,13591	737
147	2018-09-01 	23:47:59	-1.43	26.03	20.62	0.724	56	129	38:21:47,20007	-4:54:6,14023	737
148	2018-09-01 	23:48:01	-1.43	26.03	20.62	0.724	56	129	38:21:47,19694	-4:54:6,15118	737
149	2018-09-01 	23:48:02	5.23	26.03	20.63	0.718	36	131	38:21:47,19564	-4:54:6,1528	737
150	2018-09-01 	23:48:03	5.23	26.03	20.63	0.718	36	130	38:21:47,19193	-4:54:6,15258	737
151	2018-09-01 	23:48:04	5.33	26.01	20.29	0.982	37	129	38:21:47,18977	-4:54:6,15434	737
152	2018-09-01 	23:48:05	5.33	26.03	20.29	0.982	37	129	38:21:47,18722	-4:54:6,15683	737
153	2018-09-01 	23:48:06	5.29	26.01	20.29	0.982	37	129	38:21:47,18394	-4:54:6,16039	737
154	2018-09-01 	23:48:07	5.23	25.99	20.29	0.982	37	129	38:21:47,18034	-4:54:6,16216	737
155	2018-09-01 	23:48:08	5.29	26.01	20.29	0.982	37	129	38:21:47,17976	-4:54:6,1628	737
156	2018-09-01 	23:48:09	5.33	26.01	20.29	0.982	36	130	38:21:47,17861	-4:54:6,1664	737
157	2018-09-01 	23:48:10	5.27	26.01	20.28	0.991	36	129	38:21:47,17692	-4:54:6,16651	737
158	2018-09-01 	23:48:11	5.27	26.01	20.28	0.991	37	129	38:21:47,17656	-4:54:6,16655	737
159	2018-09-01 	23:48:12	12.77	26.01	20.29	0.982	16	133	38:21:47,17627	-4:54:6,16691	737
160	2018-09-01 	23:48:13	12.71	25.99	19.97	1.318	18	129	38:21:47,17598	-4:54:6,1672	737
161	2018-09-01 	23:48:14	12.77	25.99	19.97	1.318	18	129	38:21:47,17588	-4:54:6,16727	737
162	2018-09-01 	23:48:15	12.81	26.01	19.97	1.318	18	129	38:21:47,17584	-4:54:6,1673	737
163	2018-09-01 	23:48:16	12.83	26.01	19.97	1.318	18	130	38:21:47,1758	-4:54:6,1673	737
164	2018-09-01 	23:48:17	12.77	26.01	19.97	1.318	18	130	38:21:47,17584	-4:54:6,1673	737
165	2018-09-01 	23:48:18	12.81	26.03	19.97	1.318	18	129	38:21:47,17591	-4:54:6,1673	737
166	2018-09-01 	23:48:19	12.81	25.99	19.97	1.318	18	129	38:21:47,17595	-4:54:6,1673	737
167	2018-09-01 	23:48:20	12.81	26.01	19.97	1.318	18	129	38:21:47,17595	-4:54:6,16734	737
168	2018-09-01 	23:48:21	12.87	25.99	19.97	1.318	18	129	38:21:47,17595	-4:54:6,16738	737
169	2018-09-01 	23:48:22	12.81	26.01	19.97	1.318	25	123	38:21:47,17598	-4:54:6,16738	737
170	2018-09-01 	23:48:24	6.93	26.01	20.56	0.766	27	262	38:21:47,17602	-4:54:6,16734	737
171	2018-09-01 	23:48:25	8.13	25.99	20.56	0.766	26	253	38:21:47,17606	-4:54:6,16734	737
172	2018-09-01 	23:48:26	8.09	26.01	20.41	0.879	26	253	38:21:47,17606	-4:54:6,16727	737
173	2018-09-01 	23:48:27	8.23	26.01	20.41	0.879	26	253	38:21:47,17606	-4:54:6,16723	737
174	2018-09-01 	23:48:28	8.19	26.01	20.41	0.879	26	253	38:21:47,17609	-4:54:6,1672	737
175	2018-09-01 	23:48:29	8.19	26.01	20.41	0.879	26	254	38:21:47,17609	-4:54:6,16716	737
176	2018-09-01 	23:48:30	8.19	26.01	20.41	0.879	26	253	38:21:47,17609	-4:54:6,16716	737
177	2018-09-01 	23:48:31	8.15	26.03	20.41	0.879	26	253	38:21:47,17609	-4:54:6,16716	737
178	2018-09-01 	23:48:32	8.19	26.03	20.41	0.879	26	253	38:21:47,17476	-4:54:6,17004	737
179	2018-09-01 	23:48:33	8.27	26.03	20.4	0.887	26	253	38:21:47,17609	-4:54:6,15938	737
180	2018-09-01 	23:48:34	8.23	26.03	20.4	0.887	26	252	38:21:47,178	-4:54:6,15481	737
181	2018-09-01 	23:48:35	6.75	26.03	20.4	0.887	50	274	38:21:47,18567	-4:54:6,15409	737
182	2018-09-01 	23:48:36	3.81	26.05	20.4	0.887	38	255	38:21:47,1901	-4:54:6,15078	737
183	2018-09-01 	23:48:37	3.81	26.03	20.4	0.887	38	255	38:21:47,19424	-4:54:6,14833	737
184	2018-09-01 	23:48:38	4.01	26.09	20.62	0.724	38	255	38:21:47,19884	-4:54:6,14617	737
185	2018-09-01 	23:48:39	3.85	26.05	20.62	0.724	38	255	38:21:47,20154	-4:54:6,14538	737
186	2018-09-01 	23:48:40	3.81	26.03	20.62	0.724	38	256	38:21:47,20237	-4:54:6,14488	737
187	2018-09-01 	23:48:41	3.79	26.03	20.62	0.724	38	255	38:21:47,2014	-4:54:6,14383	737
188	2018-09-01 	23:48:42	3.85	26.03	20.62	0.724	38	256	38:21:47,20093	-4:54:6,14218	737
189	2018-09-01 	23:48:43	3.79	26.03	20.62	0.724	38	255	38:21:47,20129	-4:54:6,14225	737
190	2018-09-01 	23:48:44	3.79	26.05	20.62	0.724	38	255	38:21:47,20072	-4:54:6,14228	737
191	2018-09-01 	23:48:45	3.81	26.05	20.62	0.724	38	254	38:21:47,20075	-4:54:6,14279	737
192	2018-09-01 	23:48:46	-2.11	26.03	20.71	0.667	58	250	38:21:47,20068	-4:54:6,14326	737
193	2018-09-01 	23:48:47	-2.15	26.05	20.71	0.667	58	248	38:21:47,20057	-4:54:6,14362	737
194	2018-09-01 	23:48:48	-2.11	26.05	20.71	0.667	58	249	38:21:47,2005	-4:54:6,14383	737
195	2018-09-01 	23:48:49	-2.11	26.09	20.71	0.667	58	249	38:21:47,20046	-4:54:6,14394	737
196	2018-09-01 	23:48:50	-2.15	26.09	20.81	0.608	58	249	38:21:47,20046	-4:54:6,14398	737
197	2018-09-01 	23:48:51	-2.11	26.09	20.81	0.608	58	249	38:21:47,20043	-4:54:6,14398	737
198	2018-09-01 	23:48:52	-2.15	26.05	20.81	0.608	58	250	38:21:47,20039	-4:54:6,14398	737
199	2018-09-01 	23:48:53	-2.03	26.05	20.81	0.608	58	249	38:21:47,20032	-4:54:6,14394	737
200	2018-09-01 	23:48:54	-2.03	26.05	20.81	0.608	58	249	38:21:47,20032	-4:54:6,14394	737
201	2018-09-01 	23:48:55	-2.11	26.05	20.81	0.608	58	249	38:21:47,20028	-4:54:6,14394	737
202	2018-09-01 	23:48:56	-4.77	26.05	20.78	0.625	79	121	38:21:47,20028	-4:54:6,14398	737
203	2018-09-01 	23:48:57	-4.81	26.03	20.78	0.625	79	125	38:21:47,20028	-4:54:6,14401	737
204	2018-09-01 	23:48:58	-4.77	26.03	20.78	0.625	79	125	38:21:47,20028	-4:54:6,14401	737
205	2018-09-01 	23:48:59	-4.73	26.05	20.63	0.718	79	126	38:21:47,20039	-4:54:6,14405	737
206	2018-09-01 	23:49:00	-4.77	26.09	20.63	0.718	79	126	38:21:47,20043	-4:54:6,14408	737
207	2018-09-01 	23:49:01	-4.77	26.05	20.63	0.718	79	126	38:21:47,20043	-4:54:6,14408	737
208	2018-09-01 	23:49:02	-4.77	26.03	20.63	0.718	79	126	38:21:47,20043	-4:54:6,14412	737
209	2018-09-01 	23:49:03	-4.69	26.03	20.63	0.718	79	125	38:21:47,20046	-4:54:6,14412	737
210	2018-09-01 	23:49:04	-4.65	26.05	20.63	0.718	79	126	38:21:47,20046	-4:54:6,14412	737
211	2018-09-01 	23:49:05	-4.73	26.03	20.63	0.718	79	126	38:21:47,20046	-4:54:6,14408	737
212	2018-09-01 	23:49:06	-2.87	26.03	20.63	0.718	42	128	38:21:47,2005	-4:54:6,14405	737
213	2018-09-01 	23:49:07	-2.39	26.03	20.59	0.745	60	96	38:21:47,20046	-4:54:6,14401	737
214	2018-09-01 	23:49:08	-2.31	26.03	20.59	0.745	60	96	38:21:47,2005	-4:54:6,14398	737
215	2018-09-01 	23:49:09	-2.31	25.99	20.59	0.745	60	96	38:21:47,20057	-4:54:6,14398	737
216	2018-09-01 	23:49:10	-2.35	26.03	20.55	0.773	60	96	38:21:47,20064	-4:54:6,14401	737
217	2018-09-01 	23:49:11	-2.27	26.03	20.55	0.773	60	97	38:21:47,20075	-4:54:6,14401	737
218	2018-09-01 	23:49:12	-2.35	26.01	20.55	0.773	60	95	38:21:47,20082	-4:54:6,14398	737
219	2018-09-01 	23:49:13	-2.39	26.01	20.55	0.773	60	96	38:21:47,20093	-4:54:6,1439	737
220	2018-09-01 	23:49:14	-2.43	26.05	20.55	0.773	59	97	38:21:47,201	-4:54:6,14383	737
221	2018-09-01 	23:49:15	-2.39	26.01	20.55	0.773	60	96	38:21:47,20111	-4:54:6,14376	737
222	2018-09-01 	23:49:16	-2.43	26.03	20.55	0.773	67	91	38:21:47,20115	-4:54:6,14369	737
223	2018-09-01 	23:49:17	4.63	26.01	20.2	1.067	38	95	38:21:47,20122	-4:54:6,14358	737
224	2018-09-01 	23:49:19	4.67	26.01	19.98	1.306	39	94	38:21:47,20133	-4:54:6,14347	737
225	2018-09-01 	23:49:20	4.57	25.99	19.98	1.306	39	93	38:21:47,20136	-4:54:6,14347	737
226	2018-09-01 	23:49:21	4.63	26.01	19.98	1.306	39	93	38:21:47,20136	-4:54:6,14344	737
227	2018-09-01 	23:49:22	4.63	26.01	19.98	1.306	39	93	38:21:47,2014	-4:54:6,1434	737
228	2018-09-01 	23:49:23	4.71	26.01	19.98	1.306	39	93	38:21:47,20144	-4:54:6,14336	737
229	2018-09-01 	23:49:24	4.59	25.99	19.98	1.306	39	93	38:21:47,20147	-4:54:6,14336	737
230	2018-09-01 	23:49:25	4.71	26.01	19.98	1.306	39	93	38:21:47,20144	-4:54:6,14333	737
231	2018-09-01 	23:49:26	4.63	26.01	19.98	1.306	39	93	38:21:47,20144	-4:54:6,14333	737
232	2018-09-01 	23:49:27	11.17	26.01	19.21	2.655	23	94	38:21:47,20144	-4:54:6,14329	737
233	2018-09-01 	23:49:28	11.17	25.99	19.2	2.679	23	95	38:21:47,20151	-4:54:6,14326	737
234	2018-09-01 	23:49:29	11.21	26.01	19.2	2.679	22	95	38:21:47,20158	-4:54:6,14318	737
235	2018-09-01 	23:49:30	11.17	25.99	19.2	2.679	23	95	38:21:47,20165	-4:54:6,14311	737
236	2018-09-01 	23:49:31	11.17	25.99	19.2	2.679	23	95	38:21:47,20172	-4:54:6,14311	737
237	2018-09-01 	23:49:32	11.21	26.03	19.2	2.679	22	95	38:21:47,20176	-4:54:6,14308	737
238	2018-09-01 	23:49:33	11.21	26.03	19.2	2.679	23	94	38:21:47,2018	-4:54:6,14304	737
239	2018-09-01 	23:49:34	11.21	26.01	19.2	2.679	23	94	38:21:47,20183	-4:54:6,14304	737
240	2018-09-01 	23:49:35	11.27	26.03	19.2	2.679	23	95	38:21:47,2019	-4:54:6,14304	737
241	2018-09-01 	23:49:36	11.17	26.05	19.2	2.679	23	94	38:21:47,20198	-4:54:6,14304	737
242	2018-09-01 	23:49:37	4.37	26.05	19.2	2.679	41	95	38:21:47,20201	-4:54:6,14304	737
243	2018-09-01 	23:49:38	-2.39	26.03	19.2	2.679	62	250	38:21:47,20208	-4:54:6,14308	737
244	2018-09-01 	23:49:39	10.55	26.03	20.62	0.724	20	230	38:21:47,20208	-4:54:6,14308	737
245	2018-09-01 	23:49:40	10.51	26.03	20.62	0.724	21	231	38:21:47,20208	-4:54:6,14308	737
246	2018-09-01 	23:49:42	10.57	26.03	20.54	0.78	21	231	38:21:47,20212	-4:54:6,14304	737
247	2018-09-01 	23:49:43	10.61	26.05	20.54	0.78	21	230	38:21:47,20216	-4:54:6,14304	737
248	2018-09-01 	23:49:44	10.57	26.05	20.54	0.78	21	231	38:21:47,20219	-4:54:6,143	737
249	2018-09-01 	23:49:45	10.57	26.03	20.54	0.78	21	231	38:21:47,20226	-4:54:6,14304	737
250	2018-09-01 	23:49:46	10.51	26.03	20.54	0.78	21	231	38:21:47,2023	-4:54:6,14304	737
251	2018-09-01 	23:49:47	10.47	26.03	20.54	0.78	21	231	38:21:47,2023	-4:54:6,143	737
252	2018-09-01 	23:49:48	10.51	26.01	20.54	0.78	21	230	38:21:47,20234	-4:54:6,14293	737
253	2018-09-01 	23:49:49	10.57	26.03	20.54	0.78	21	231	38:21:47,20237	-4:54:6,14293	737
254	2018-09-01 	23:49:50	5.67	26.03	20.54	0.78	35	231	38:21:47,20241	-4:54:6,1429	737
255	2018-09-01 	23:49:51	5.67	26.05	20.54	0.78	34	231	38:21:47,20248	-4:54:6,14286	737
256	2018-09-01 	23:49:52	5.71	26.05	20.64	0.711	35	231	38:21:47,20252	-4:54:6,14286	737
257	2018-09-01 	23:49:53	5.77	26.05	20.64	0.711	35	231	38:21:47,20259	-4:54:6,14286	737
258	2018-09-01 	23:49:54	5.73	26.03	20.64	0.711	34	231	38:21:47,20262	-4:54:6,14286	737
259	2018-09-01 	23:49:55	5.77	26.05	20.64	0.711	35	231	38:21:47,20266	-4:54:6,14293	737
260	2018-09-01 	23:49:56	5.63	26.01	20.64	0.711	34	230	38:21:47,2027	-4:54:6,14297	737
261	2018-09-01 	23:49:57	5.63	26.03	20.64	0.711	34	231	38:21:47,20277	-4:54:6,14304	737
262	2018-09-01 	23:49:58	5.67	26.09	20.65	0.705	35	230	38:21:47,2028	-4:54:6,14311	737
263	2018-09-01 	23:49:59	5.71	26.05	20.65	0.705	35	230	38:21:47,20288	-4:54:6,14318	737
264	2018-09-01 	23:50:00	-0.69	26.05	20.65	0.705	56	228	38:21:47,20288	-4:54:6,14329	737
265	2018-09-01 	23:50:01	-0.57	26.09	20.67	0.692	54	226	38:21:47,20288	-4:54:6,14336	737
266	2018-09-01 	23:50:02	-0.73	26.05	20.67	0.692	54	226	38:21:47,20291	-4:54:6,14344	737
267	2018-09-01 	23:50:03	-0.61	26.09	20.67	0.692	54	226	38:21:47,20291	-4:54:6,14351	737
268	2018-09-01 	23:50:04	-0.65	26.05	20.73	0.655	54	225	38:21:47,20295	-4:54:6,14362	737
269	2018-09-01 	23:50:05	-0.65	26.05	20.73	0.655	54	226	38:21:47,20298	-4:54:6,14369	737
270	2018-09-01 	23:50:06	-0.61	26.09	20.73	0.655	54	226	38:21:47,20298	-4:54:6,14376	737
271	2018-09-01 	23:50:07	-0.57	26.09	20.73	0.655	54	225	38:21:47,20302	-4:54:6,14383	737
272	2018-09-01 	23:50:08	-0.57	26.09	20.73	0.655	54	226	38:21:47,20306	-4:54:6,1439	737
273	2018-09-01 	23:50:09	-0.61	26.09	20.73	0.655	54	226	38:21:47,20306	-4:54:6,14398	737
274	2018-09-01 	23:50:10	-2.51	26.09	20.73	0.655	78	226	38:21:47,20306	-4:54:6,14398	737
275	2018-09-01 	23:50:11	-4.57	26.03	20.73	0.655	82	131	38:21:47,20306	-4:54:6,14394	737
276	2018-09-01 	23:50:12	-4.61	26.11	20.73	0.655	82	131	38:21:47,20306	-4:54:6,1439	737
277	2018-09-01 	23:50:13	-4.65	26.09	20.6	0.738	82	132	38:21:47,20302	-4:54:6,14387	737
278	2018-09-01 	23:50:14	-4.61	26.11	20.6	0.738	82	130	38:21:47,20302	-4:54:6,14387	737
279	2018-09-01 	23:50:15	-4.65	26.13	20.6	0.738	82	130	38:21:47,20302	-4:54:6,14387	737
280	2018-09-01 	23:50:16	-4.69	26.09	20.6	0.738	82	128	38:21:47,20302	-4:54:6,1439	737
281	2018-09-01 	23:50:17	-4.53	26.09	20.6	0.738	82	130	38:21:47,20428	-4:54:6,14106	737
282	2018-09-01 	23:50:18	-4.45	26.11	20.6	0.738	82	130	38:21:47,20799	-4:54:6,1402	737
283	2018-09-01 	23:50:19	-4.65	26.11	20.6	0.738	82	130	38:21:47,20712	-4:54:6,14056	737
284	2018-09-01 	23:50:20	-4.65	26.13	20.6	0.738	82	129	38:21:47,2036	-4:54:6,14365	737
285	2018-09-01 	23:50:21	-3.07	26.13	20.6	0.738	69	71	38:21:47,20237	-4:54:6,14459	737
286	2018-09-01 	23:50:22	-3.15	26.13	20.6	0.738	64	71	38:21:47,19996	-4:54:6,14941	737
287	2018-09-01 	23:50:23	-3.07	26.15	20.51	0.802	64	71	38:21:47,19697	-4:54:6,1529	737
288	2018-09-01 	23:50:24	-3.07	26.13	20.51	0.802	64	70	38:21:47,19812	-4:54:6,15618	737
289	2018-09-01 	23:50:25	-3.11	26.13	20.51	0.802	64	72	38:21:47,19845	-4:54:6,16187	737
290	2018-09-01 	23:50:26	-3.15	26.15	20.51	0.802	64	72	38:21:47,19859	-4:54:6,16054	737
291	2018-09-01 	23:50:27	-3.11	26.13	20.51	0.802	64	70	38:21:47,19434	-4:54:6,16201	737
292	2018-09-01 	23:50:28	-3.19	26.15	20.51	0.802	65	71	38:21:47,19359	-4:54:6,1637	737
293	2018-09-01 	23:50:29	-3.15	26.13	20.51	0.802	65	71	38:21:47,19359	-4:54:6,1654	737
294	2018-09-01 	23:50:30	-3.03	26.15	20.51	0.802	64	71	38:21:47,19344	-4:54:6,16597	737
295	2018-09-01 	23:50:31	2.13	26.11	20.51	0.802	38	71	38:21:47,19348	-4:54:6,16608	737
296	2018-09-01 	23:50:32	2.31	26.11	20.51	0.802	44	67	38:21:47,19344	-4:54:6,16615	737
297	2018-09-01 	23:50:33	2.39	26.15	20.04	1.236	45	67	38:21:47,19344	-4:54:6,16619	737
298	2018-09-01 	23:50:34	2.35	26.13	20.04	1.236	45	67	38:21:47,19344	-4:54:6,16615	737
299	2018-09-01 	23:50:35	2.21	26.11	20.04	1.236	45	67	38:21:47,19344	-4:54:6,16612	737
300	2018-09-01 	23:50:37	2.35	26.13	20.04	1.236	45	67	38:21:47,19344	-4:54:6,16608	737
301	2018-09-01 	23:50:38	2.17	26.11	20.04	1.236	45	66	38:21:47,19344	-4:54:6,16604	737
302	2018-09-01 	23:50:39	2.27	26.11	20.04	1.236	45	67	38:21:47,19352	-4:54:6,16604	737
303	2018-09-01 	23:50:40	2.25	26.15	20.04	1.236	45	66	38:21:47,19355	-4:54:6,16601	737
304	2018-09-01 	23:50:41	3.49	26.13	20.04	1.236	45	66	38:21:47,19604	-4:54:6,16514	737
305	2018-09-01 	23:50:42	8.83	26.13	19.31	2.421	28	69	38:21:47,19596	-4:54:6,16727	737
306	2018-09-01 	23:50:43	8.75	26.11	19.3	2.443	28	69	38:21:47,19953	-4:54:6,16838	737
307	2018-09-01 	23:50:44	8.83	26.15	19.31	2.421	28	69	38:21:47,19884	-4:54:6,1627	737
308	2018-09-01 	23:50:45	8.93	26.13	19.31	2.421	28	69	38:21:47,19863	-4:54:6,16259	737
309	2018-09-01 	23:50:46	8.93	26.13	19.3	2.443	28	69	38:21:47,19492	-4:54:6,17062	737
310	2018-09-01 	23:50:47	8.89	26.17	19.31	2.421	28	68	38:21:47,19222	-4:54:6,17843	737
311	2018-09-01 	23:50:48	8.89	26.13	19.31	2.421	28	69	38:21:47,19139	-4:54:6,18361	737
312	2018-09-01 	23:50:49	8.93	26.15	19.31	2.421	28	69	38:21:47,19074	-4:54:6,18689	737
313	2018-09-01 	23:50:50	8.97	26.13	19.31	2.421	28	69	38:21:47,1902	-4:54:6,19016	737
314	2018-09-01 	23:50:51	9.03	26.17	19.3	2.443	28	69	38:21:47,1893	-4:54:6,19592	737
315	2018-09-01 	23:50:52	-4.25	26.15	19.3	2.443	72	88	38:21:47,18635	-4:54:6,2001	737
316	2018-09-01 	23:50:53	9.47	26.15	20.11	1.159	16	226	38:21:47,18279	-4:54:6,20064	737
317	2018-09-01 	23:50:54	11.79	26.11	20.11	1.159	18	214	38:21:47,17739	-4:54:6,20255	737
318	2018-09-01 	23:50:55	11.67	26.15	20.42	0.871	18	213	38:21:47,17642	-4:54:6,20212	737
319	2018-09-01 	23:50:56	11.67	26.11	20.42	0.871	18	213	38:21:47,17958	-4:54:6,20136	737
320	2018-09-01 	23:50:57	11.65	26.15	20.42	0.871	18	213	38:21:47,18462	-4:54:6,20042	737
321	2018-09-01 	23:50:58	11.71	26.17	20.42	0.871	18	213	38:21:47,1892	-4:54:6,20273	737
322	2018-09-01 	23:50:59	11.67	26.13	20.42	0.871	18	214	38:21:47,1897	-4:54:6,20348	737
323	2018-09-01 	23:51:00	11.75	26.19	20.42	0.871	18	213	38:21:47,18718	-4:54:6,20104	737
324	2018-09-01 	23:51:01	11.71	26.13	20.42	0.871	18	213	38:21:47,18484	-4:54:6,1987	737
325	2018-09-01 	23:51:02	11.79	26.15	20.42	0.871	18	214	38:21:47,183	-4:54:6,19628	737
326	2018-09-01 	23:51:03	11.75	26.15	20.42	0.871	18	213	38:21:47,182	-4:54:6,19484	737
327	2018-09-01 	23:51:04	11.71	26.15	20.42	0.871	18	213	38:21:47,18146	-4:54:6,19391	737
328	2018-09-01 	23:51:05	6.83	26.19	20.42	0.871	32	211	38:21:47,18124	-4:54:6,1934	737
329	2018-09-01 	23:51:06	6.79	26.15	20.42	0.871	32	211	38:21:47,18117	-4:54:6,19312	737
330	2018-09-01 	23:51:07	7.05	26.17	20.47	0.832	32	212	38:21:47,18106	-4:54:6,1929	737
331	2018-09-01 	23:51:08	6.93	26.15	20.47	0.832	31	211	38:21:47,18102	-4:54:6,19272	737
332	2018-09-01 	23:51:09	6.97	26.17	20.47	0.832	32	212	38:21:47,18102	-4:54:6,19258	737
333	2018-09-01 	23:51:10	6.87	26.15	20.47	0.832	31	211	38:21:47,18102	-4:54:6,19254	737
334	2018-09-01 	23:51:11	6.93	26.15	20.47	0.832	32	211	38:21:47,18106	-4:54:6,19247	737
335	2018-09-01 	23:51:12	7.01	26.15	20.47	0.832	31	212	38:21:47,1811	-4:54:6,19247	737
336	2018-09-01 	23:51:13	6.97	26.17	20.47	0.832	31	211	38:21:47,1811	-4:54:6,1925	737
337	2018-09-01 	23:51:14	7.05	26.15	20.47	0.832	31	212	38:21:47,18106	-4:54:6,1925	737
338	2018-09-01 	23:51:15	0.29	26.17	20.47	0.832	50	206	38:21:47,18102	-4:54:6,1925	737
339	2018-09-01 	23:51:16	0.33	26.17	20.47	0.832	51	206	38:21:47,18099	-4:54:6,19254	737
340	2018-09-01 	23:51:17	0.29	26.19	20.63	0.718	51	206	38:21:47,18099	-4:54:6,19258	737
341	2018-09-01 	23:51:18	0.29	26.19	20.63	0.718	51	206	38:21:47,18099	-4:54:6,19265	737
342	2018-09-01 	23:51:19	0.25	26.17	20.63	0.718	51	206	38:21:47,18095	-4:54:6,19261	737
343	2018-09-01 	23:51:20	0.29	26.19	20.63	0.718	51	206	38:21:47,18088	-4:54:6,19261	737
344	2018-09-01 	23:51:21	0.21	26.15	20.63	0.718	52	206	38:21:47,18088	-4:54:6,19261	737
345	2018-09-01 	23:51:22	0.29	26.19	20.63	0.718	51	206	38:21:47,18074	-4:54:6,19186	738
346	2018-09-01 	23:51:23	0.21	26.19	20.63	0.718	52	206	38:21:47,19089	-4:54:6,18908	737
347	2018-09-01 	23:51:24	0.17	26.15	20.63	0.718	51	206	38:21:47,19668	-4:54:6,19006	738
348	2018-09-01 	23:51:25	-4.69	26.17	20.63	0.718	84	121	38:21:47,19485	-4:54:6,18854	738
349	2018-09-01 	23:51:27	-4.53	26.15	20.63	0.718	84	133	38:21:47,20021	-4:54:6,1789	737
350	2018-09-01 	23:51:28	-4.57	26.17	20.63	0.718	84	135	38:21:47,20932	-4:54:6,1754	737
351	2018-09-01 	23:51:29	-4.49	26.21	20.59	0.745	84	131	38:21:47,21018	-4:54:6,17364	737
352	2018-09-01 	23:51:30	-4.45	26.19	20.59	0.745	85	131	38:21:47,21047	-4:54:6,16907	737
353	2018-09-01 	23:51:31	-4.61	26.19	20.59	0.745	84	133	38:21:47,20558	-4:54:6,1628	737
354	2018-09-01 	23:51:32	-4.65	26.17	20.59	0.745	84	130	38:21:47,20219	-4:54:6,15924	737
355	2018-09-01 	23:51:33	-4.57	26.17	20.59	0.745	84	133	38:21:47,19528	-4:54:6,15107	737
356	2018-09-01 	23:51:34	-4.61	26.17	20.59	0.745	84	132	38:21:47,18804	-4:54:6,14401	737
357	2018-09-01 	23:51:35	-4.61	26.21	20.59	0.745	84	135	38:21:47,17508	-4:54:6,13501	737
358	2018-09-01 	23:51:36	-4.69	26.19	20.59	0.745	82	65	38:21:47,16778	-4:54:6,13192	738
359	2018-09-01 	23:51:37	-3.51	26.19	20.58	0.752	69	45	38:21:47,16457	-4:54:6,13354	738
360	2018-09-01 	23:51:38	-3.51	26.19	20.58	0.752	68	45	38:21:47,1636	-4:54:6,13354	738
361	2018-09-01 	23:51:39	-3.55	26.17	20.46	0.839	68	45	38:21:47,16306	-4:54:6,13138	738
362	2018-09-01 	23:51:40	-3.63	26.19	20.46	0.839	68	46	38:21:47,16169	-4:54:6,13465	738
363	2018-09-01 	23:51:41	-3.59	26.19	20.46	0.839	68	45	38:21:47,15528	-4:54:6,13483	738
364	2018-09-01 	23:51:42	-3.55	26.21	20.46	0.839	68	45	38:21:47,15467	-4:54:6,13393	737
365	2018-09-01 	23:51:43	-3.59	26.21	20.46	0.839	68	46	38:21:47,15467	-4:54:6,13393	737
366	2018-09-01 	23:51:44	-3.59	26.21	20.46	0.839	68	45	38:21:47,15406	-4:54:6,12972	737
367	2018-09-01 	23:51:45	-3.63	26.21	20.46	0.839	68	46	38:21:47,15035	-4:54:6,12479	737
368	2018-09-01 	23:51:46	-3.59	26.21	20.46	0.839	69	45	38:21:47,14996	-4:54:6,12529	737
369	2018-09-01 	23:51:47	1.85	26.21	20.46	0.839	47	40	38:21:47,15122	-4:54:6,12738	737
370	2018-09-01 	23:51:48	1.89	26.21	19.99	1.294	46	41	38:21:47,15413	-4:54:6,12547	737
371	2018-09-01 	23:51:49	1.89	26.19	19.99	1.294	46	41	38:21:47,15669	-4:54:6,12594	737
372	2018-09-01 	23:51:50	1.97	26.23	19.99	1.294	46	41	38:21:47,1614	-4:54:6,13159	737
373	2018-09-01 	23:51:51	1.89	26.21	19.98	1.306	46	40	38:21:47,16126	-4:54:6,13483	737
374	2018-09-01 	23:51:56	1.93	26.21	19.98	1.306	46	41	38:21:47,16209	-4:54:6,13922	737
375	2018-09-01 	23:51:57	7.95	26.21	19.59	1.871	23	52	38:21:47,16371	-4:54:6,14534	737
376	2018-09-01 	23:51:58	7.95	26.23	19.54	1.959	30	43	38:21:47,16374	-4:54:6,14552	737
377	2018-09-01 	23:51:59	7.95	26.25	19.55	1.941	30	43	38:21:47,16382	-4:54:6,14563	737
378	2018-09-01 	23:52:00	7.97	26.25	19.55	1.941	30	44	38:21:47,16382	-4:54:6,14567	737
379	2018-09-01 	23:52:01	7.97	26.25	19.54	1.959	30	43	38:21:47,1604	-4:54:6,14639	737
380	2018-09-01 	23:52:02	7.97	26.23	19.55	1.941	30	42	38:21:47,15975	-4:54:6,15103	737
381	2018-09-01 	23:52:03	8.01	26.25	19.54	1.959	29	43	38:21:47,16281	-4:54:6,1429	737
382	2018-09-01 	23:52:04	7.97	26.23	19.53	1.977	30	44	38:21:47,16443	-4:54:6,13778	738
383	2018-09-01 	23:52:05	7.95	26.25	19.54	1.959	30	43	38:21:47,16666	-4:54:6,14052	738
384	2018-09-01 	23:52:06	5.63	26.27	19.55	1.941	30	43	38:21:47,16806	-4:54:6,1529	738
385	2018-09-01 	23:52:07	-4.09	26.25	19.55	1.941	36	43	38:21:47,16702	-4:54:6,1659	738
386	2018-09-01 	23:52:08	10.99	26.23	19.55	1.941	58	189	38:21:47,16788	-4:54:6,17612	738
387	2018-09-01 	23:52:09	6.47	26.23	20.53	0.787	22	232	38:21:47,16925	-4:54:6,18761	738
388	2018-09-01 	23:52:11	5.93	26.25	19.92	1.38	34	3	38:21:47,16972	-4:54:6,20244	738
