#	19.8	T IR	T Sens	Mag  	Hz   	Alt	Azi  	Lat    	Lon   	SL m
1	2018-10-01 	22:36:24	-0.03	18.39	16.72	17.061	24	355	0	0	0
2	2018-10-01 	22:36:25	-0.03	18.39	16.71	17.219	24	355	0	0	0
3	2018-10-01 	22:36:26	0.01	18.41	16.72	17.061	24	356	0	0	0
4	2018-10-01 	22:36:27	0.01	18.39	16.72	17.061	23	355	0	0	0
5	2018-10-01 	22:36:28	-0.03	18.41	16.73	16.904	24	355	0	0	0
6	2018-10-01 	22:36:29	0.29	18.39	16.72	17.061	23	353	0	0	0
7	2018-10-01 	22:36:30	0.41	18.41	16.65	18.197	22	353	0	0	0
8	2018-10-01 	22:36:31	0.33	18.41	16.65	18.197	22	353	0	0	0
9	2018-10-01 	22:36:32	-3.83	18.39	16.67	17.865	36	352	0	0	0
10	2018-10-01 	22:36:33	-6.51	18.39	17.25	10.471	40	354	0	0	0
11	2018-10-01 	22:36:34	-6.59	18.41	17.27	10.28	40	352	0	0	0
12	2018-10-01 	22:36:35	-7.15	18.41	17.29	10.093	41	353	0	0	0
13	2018-10-01 	22:36:36	-7.19	18.41	17.31	9.908	41	353	0	0	0
14	2018-10-01 	22:36:37	-7.19	18.39	17.31	9.908	41	353	0	0	0
15	2018-10-01 	22:36:38	-7.15	18.37	17.31	9.908	41	352	0	0	0
16	2018-10-01 	22:36:39	-7.15	18.39	17.31	9.908	41	352	0	0	0
17	2018-10-01 	22:36:40	-7.35	18.39	17.31	9.908	42	354	0	0	0
18	2018-10-01 	22:36:41	-7.35	18.41	17.32	9.817	42	354	0	0	0
19	2018-10-01 	22:36:42	-7.39	18.39	17.33	9.727	42	354	0	0	0
20	2018-10-01 	22:36:43	-7.39	18.39	17.35	9.55	61	356	0	0	0
21	2018-10-01 	22:36:44	-7.39	18.39	17.73	6.73	61	356	0	0	0
22	2018-10-01 	22:36:45	-7.39	18.39	17.73	6.73	61	357	0	0	0
23	2018-10-01 	22:36:46	-7.39	18.39	17.73	6.73	61	357	0	0	0
24	2018-10-01 	22:36:47	-7.39	18.39	17.73	6.73	62	357	0	0	0
25	2018-10-01 	22:36:48	-7.39	18.39	17.73	6.73	61	357	0	0	0
26	2018-10-01 	22:36:49	-7.39	18.39	17.73	6.73	61	358	0	0	0
27	2018-10-01 	22:36:50	-7.39	18.39	17.73	6.73	61	356	0	0	0
28	2018-10-01 	22:36:51	-7.39	18.39	17.73	6.73	61	357	0	0	0
29	2018-10-01 	22:36:53	-7.39	18.39	17.72	6.792	78	12	0	0	0
30	2018-10-01 	22:36:54	-7.39	18.39	17.92	5.649	78	12	0	0	0
31	2018-10-01 	22:36:55	-7.39	18.39	17.92	5.649	78	14	0	0	0
32	2018-10-01 	22:36:56	-7.39	18.39	17.92	5.649	78	14	0	0	0
33	2018-10-01 	22:36:57	-7.39	18.39	17.92	5.649	78	14	0	0	0
34	2018-10-01 	22:36:58	-7.39	18.39	17.91	5.702	79	13	0	0	0
35	2018-10-01 	22:36:59	-7.39	18.39	17.92	5.649	78	11	0	0	0
36	2018-10-01 	22:37:01	-7.39	18.39	17.92	5.649	78	13	0	0	0
37	2018-10-01 	22:37:02	-7.39	18.39	17.92	5.649	78	15	0	0	0
38	2018-10-01 	22:37:04	-7.39	18.39	17.98	5.346	80	154	0	0	0
39	2018-10-01 	22:37:05	-7.39	18.39	17.98	5.346	80	154	0	0	0
40	2018-10-01 	22:37:06	-7.39	18.39	17.98	5.346	80	154	0	0	0
41	2018-10-01 	22:37:07	-7.39	18.39	17.98	5.346	80	154	0	0	0
42	2018-10-01 	22:37:08	-7.39	18.39	17.98	5.346	80	155	0	0	0
43	2018-10-01 	22:37:09	-7.39	18.39	17.98	5.346	80	155	40:25:32,48378	-3:33:24,05959	685
44	2018-10-01 	22:37:10	-7.39	18.39	17.98	5.346	80	153	40:25:32,52702	-3:33:24,07154	688
45	2018-10-01 	22:37:12	-7.39	18.39	17.98	5.346	80	154	40:25:32,57004	-3:33:24,23426	689
46	2018-10-01 	22:37:13	-7.39	18.39	17.98	5.346	80	155	40:25:32,55863	-3:33:24,30029	687
47	2018-10-01 	22:37:14	-7.39	18.39	17.98	5.346	62	181	40:25:32,58653	-3:33:24,30022	689
48	2018-10-01 	22:37:15	-7.39	18.39	17.91	5.702	61	182	40:25:32,60809	-3:33:24,32308	688
49	2018-10-01 	22:37:16	-7.39	18.39	17.9	5.754	61	182	40:25:32,62094	-3:33:24,31922	688
50	2018-10-01 	22:37:17	-7.39	18.39	17.9	5.754	61	183	40:25:32,64139	-3:33:24,30644	688
51	2018-10-01 	22:37:18	-7.39	18.39	17.9	5.754	61	182	40:25:32,66371	-3:33:24,29806	688
52	2018-10-01 	22:37:19	-7.39	18.39	17.9	5.754	61	182	40:25:32,65626	-3:33:24,30349	688
53	2018-10-01 	22:37:20	-7.39	18.39	17.9	5.754	61	183	40:25:32,67494	-3:33:24,2766	689
54	2018-10-01 	22:37:21	-7.39	18.39	17.9	5.754	61	183	40:25:32,7004	-3:33:24,28106	689
55	2018-10-01 	22:37:22	-7.39	18.39	17.9	5.754	61	183	40:25:32,71958	-3:33:24,277	690
56	2018-10-01 	22:37:23	-7.39	18.39	17.89	5.808	61	182	40:25:32,70457	-3:33:24,26191	691
57	2018-10-01 	22:37:25	-7.39	18.39	17.61	7.516	42	185	40:25:32,7045	-3:33:24,24283	691
58	2018-10-01 	22:37:26	-7.39	18.39	17.61	7.516	42	185	40:25:32,6978	-3:33:24,24334	691
59	2018-10-01 	22:37:27	-7.39	18.39	17.6	7.586	41	183	40:25:32,69654	-3:33:24,23214	691
60	2018-10-01 	22:37:28	-7.39	18.39	17.6	7.586	40	184	40:25:32,695	-3:33:24,19816	691
61	2018-10-01 	22:37:29	-7.39	18.39	17.59	7.656	40	184	40:25:32,64661	-3:33:24,21734	691
62	2018-10-01 	22:37:30	-7.39	18.39	17.57	7.798	40	181	40:25:32,64694	-3:33:24,21169	691
63	2018-10-01 	22:37:31	-7.39	18.39	17.58	7.727	40	181	40:25:32,64136	-3:33:24,24251	690
64	2018-10-01 	22:37:32	-7.39	18.39	17.58	7.727	40	181	40:25:32,59132	-3:33:24,24262	691
65	2018-10-01 	22:37:33	-7.39	18.39	17.58	7.727	39	181	40:25:32,58318	-3:33:24,25702	691
66	2018-10-01 	22:37:34	-9.79	18.23	17.57	7.798	34	176	40:25:32,57976	-3:33:24,25381	691
67	2018-10-01 	22:37:35	-2.51	18.25	17.34	9.638	19	180	40:25:32,58178	-3:33:24,24244	691
68	2018-10-01 	22:37:36	-2.31	18.25	17.08	12.246	19	180	40:25:32,58696	-3:33:24,23934	691
69	2018-10-01 	22:37:37	-2.35	18.23	17.07	12.359	19	181	40:25:32,60813	-3:33:24,24499	691
70	2018-10-01 	22:37:38	-2.23	18.25	17.07	12.359	19	181	40:25:32,60528	-3:33:24,24143	692
71	2018-10-01 	22:37:39	-2.15	18.23	17.06	12.474	19	179	40:25:32,60302	-3:33:24,24467	692
72	2018-10-01 	22:37:40	-2.15	18.23	17.05	12.589	19	181	40:25:32,59592	-3:33:24,25079	692
73	2018-10-01 	22:37:41	-2.15	18.25	17.05	12.589	19	180	40:25:32,62166	-3:33:24,28013	693
74	2018-10-01 	22:37:42	-2.07	18.23	17.05	12.589	18	179	40:25:32,62541	-3:33:24,28711	693
75	2018-10-01 	22:37:43	-1.87	18.25	17.04	12.706	18	178	40:25:32,62901	-3:33:24,27091	693
76	2018-10-01 	22:37:44	-1.83	18.25	17.04	12.706	18	178	40:25:32,63207	-3:33:24,26605	693
77	2018-10-01 	22:37:45	-1.83	18.25	17.03	12.823	60	188	40:25:32,6213	-3:33:24,20424	694
78	2018-10-01 	22:37:46	-1.83	18.25	17.93	5.598	67	0	40:25:32,63092	-3:33:24,19488	694
79	2018-10-01 	22:37:47	-0.03	18.21	17.73	6.73	22	352	40:25:32,63531	-3:33:24,1911	694
80	2018-10-01 	22:37:48	-0.07	18.23	16.89	14.588	22	22	40:25:32,62886	-3:33:24,18502	695
81	2018-10-01 	22:37:49	-0.03	18.23	16.99	13.305	22	23	40:25:32,63862	-3:33:24,20021	695
82	2018-10-01 	22:37:50	-0.07	18.21	16.99	13.305	23	23	40:25:32,64974	-3:33:24,19862	695
83	2018-10-01 	22:37:51	-0.07	18.21	16.98	13.428	23	23	40:25:32,64272	-3:33:24,16957	696
84	2018-10-01 	22:37:52	-0.03	18.21	16.99	13.305	23	24	40:25:32,65392	-3:33:24,17368	696
85	2018-10-01 	22:37:53	0.13	18.21	16.99	13.305	23	20	40:25:32,65799	-3:33:24,1785	696
86	2018-10-01 	22:37:54	0.33	18.23	16.96	13.677	22	21	40:25:32,66548	-3:33:24,18944	695
87	2018-10-01 	22:37:55	0.29	18.21	16.96	13.677	22	20	40:25:32,66692	-3:33:24,1911	695
88	2018-10-01 	22:37:56	0.29	18.21	16.96	13.677	22	20	40:25:32,6658	-3:33:24,19027	695
89	2018-10-01 	22:37:57	0.37	18.23	16.96	13.677	22	21	40:25:32,66616	-3:33:24,18872	695
90	2018-10-01 	22:37:58	-0.07	18.21	16.96	13.677	28	22	40:25:32,6662	-3:33:24,18779	695
91	2018-10-01 	22:37:59	-6.63	18.21	17.28	10.186	40	20	40:25:32,66634	-3:33:24,18775	695
92	2018-10-01 	22:38:00	-6.73	18.25	17.42	8.954	40	19	40:25:32,67156	-3:33:24,18228	695
93	2018-10-01 	22:38:01	-7.43	18.21	17.43	8.872	41	22	40:25:32,70508	-3:33:24,19672	694
94	2018-10-01 	22:38:02	-7.27	18.23	17.45	8.71	41	21	40:25:32,70014	-3:33:24,18764	694
95	2018-10-01 	22:38:03	-7.27	18.21	17.45	8.71	41	20	40:25:32,70371	-3:33:24,1915	694
96	2018-10-01 	22:38:04	-7.15	18.21	17.46	8.63	41	20	40:25:32,69928	-3:33:24,19114	694
97	2018-10-01 	22:38:05	-7.43	18.19	17.45	8.71	42	24	40:25:32,69734	-3:33:24,18937	694
98	2018-10-01 	22:38:06	-7.35	18.21	17.46	8.63	41	24	40:25:32,70216	-3:33:24,1951	694
99	2018-10-01 	22:38:08	-7.43	18.23	17.46	8.63	42	24	40:25:32,68592	-3:33:24,18239	695
100	2018-10-01 	22:38:09	-7.43	18.23	17.45	8.71	61	22	40:25:32,68751	-3:33:24,1956	694
101	2018-10-01 	22:38:10	-7.43	18.23	17.79	6.368	61	22	40:25:32,68754	-3:33:24,18602	695
102	2018-10-01 	22:38:11	-7.43	18.23	17.79	6.368	61	22	40:25:32,69165	-3:33:24,18498	695
103	2018-10-01 	22:38:12	-7.43	18.23	17.79	6.368	61	21	40:25:32,68758	-3:33:24,17764	695
104	2018-10-01 	22:38:13	-7.43	18.23	17.79	6.368	61	24	40:25:32,68297	-3:33:24,17818	695
105	2018-10-01 	22:38:14	-7.43	18.23	17.79	6.368	62	22	40:25:32,68438	-3:33:24,16126	694
106	2018-10-01 	22:38:15	-7.43	18.23	17.79	6.368	61	22	40:25:32,69068	-3:33:24,15024	694
107	2018-10-01 	22:38:17	-7.43	18.23	17.79	6.368	61	22	40:25:32,732	-3:33:24,15748	695
108	2018-10-01 	22:38:18	-7.43	18.23	17.79	6.368	61	23	40:25:32,74255	-3:33:24,16043	695
109	2018-10-01 	22:38:20	-7.43	18.23	17.94	5.546	78	37	40:25:32,75569	-3:33:24,15942	695
110	2018-10-01 	22:38:21	-7.43	18.23	17.94	5.546	78	35	40:25:32,75353	-3:33:24,14869	695
111	2018-10-01 	22:38:23	-7.43	18.23	17.94	5.546	78	34	40:25:32,75206	-3:33:24,1465	695
112	2018-10-01 	22:38:24	-7.43	18.23	17.95	5.495	79	36	40:25:32,75414	-3:33:24,14945	695
113	2018-10-01 	22:38:25	-7.43	18.23	17.94	5.546	78	33	40:25:32,76995	-3:33:24,17281	694
114	2018-10-01 	22:38:26	-7.43	18.23	17.94	5.546	78	35	40:25:32,7846	-3:33:24,18736	694
115	2018-10-01 	22:38:27	-7.43	18.23	17.95	5.495	78	36	40:25:32,79176	-3:33:24,1943	694
116	2018-10-01 	22:38:28	-7.43	18.23	17.94	5.546	78	34	40:25:32,7882	-3:33:24,19445	694
117	2018-10-01 	22:38:29	-7.43	18.23	17.94	5.546	82	350	40:25:32,78615	-3:33:24,19153	694
118	2018-10-01 	22:38:30	-7.43	18.23	17.97	5.395	80	177	40:25:32,7855	-3:33:24,19481	694
119	2018-10-01 	22:38:31	-7.43	18.23	17.97	5.395	80	179	40:25:32,77855	-3:33:24,19315	694
120	2018-10-01 	22:38:32	-7.43	18.23	17.97	5.395	80	176	40:25:32,77286	-3:33:24,19571	694
121	2018-10-01 	22:38:33	-7.43	18.23	17.96	5.445	80	178	40:25:32,76599	-3:33:24,19798	693
122	2018-10-01 	22:38:34	-7.43	18.23	17.97	5.395	80	177	40:25:32,76534	-3:33:24,20143	693
123	2018-10-01 	22:38:35	-7.43	18.23	17.97	5.395	80	177	40:25:32,76984	-3:33:24,20298	693
124	2018-10-01 	22:38:36	-7.43	18.23	17.96	5.445	80	177	40:25:32,76494	-3:33:24,20158	693
125	2018-10-01 	22:38:37	-7.43	18.23	17.96	5.445	80	179	40:25:32,76278	-3:33:24,20158	693
126	2018-10-01 	22:38:38	-7.43	18.23	17.96	5.445	80	177	40:25:32,76635	-3:33:24,20413	692
127	2018-10-01 	22:38:39	-7.43	18.23	17.96	5.445	80	177	40:25:32,76595	-3:33:24,20482	693
128	2018-10-01 	22:38:40	-7.43	18.23	17.97	5.395	62	202	40:25:32,76509	-3:33:24,20352	693
129	2018-10-01 	22:38:41	-7.43	18.23	17.82	6.194	62	202	40:25:32,76541	-3:33:24,19848	693
130	2018-10-01 	22:38:43	-7.43	18.23	17.82	6.194	62	202	40:25:32,76721	-3:33:24,19726	692
131	2018-10-01 	22:38:44	-7.43	18.23	17.81	6.252	61	202	40:25:32,76826	-3:33:24,1978	692
132	2018-10-01 	22:38:45	-7.43	18.23	17.81	6.252	62	202	40:25:32,76916	-3:33:24,19837	692
133	2018-10-01 	22:38:46	-7.43	18.23	17.81	6.252	62	202	40:25:32,77006	-3:33:24,19909	692
134	2018-10-01 	22:38:47	-7.43	18.23	17.81	6.252	62	202	40:25:32,7707	-3:33:24,19974	692
135	2018-10-01 	22:38:48	-7.43	18.23	17.81	6.252	62	202	40:25:32,77106	-3:33:24,20014	692
136	2018-10-01 	22:38:49	-7.43	18.23	17.81	6.252	61	202	40:25:32,77124	-3:33:24,20032	692
137	2018-10-01 	22:38:50	-7.43	18.23	17.81	6.252	49	214	40:25:32,77135	-3:33:24,20042	692
138	2018-10-01 	22:38:51	-7.43	18.23	17.43	8.872	42	211	40:25:32,77142	-3:33:24,20053	692
139	2018-10-01 	22:38:52	-7.43	18.23	17.43	8.872	42	211	40:25:32,77135	-3:33:24,20053	692
140	2018-10-01 	22:38:53	-7.43	18.23	17.43	8.872	41	211	40:25:32,77132	-3:33:24,20046	692
141	2018-10-01 	22:38:54	-7.43	18.23	17.4	9.12	41	211	40:25:32,77078	-3:33:24,20262	692
142	2018-10-01 	22:38:55	-7.43	18.23	17.4	9.12	39	211	40:25:32,77441	-3:33:24,20662	692
143	2018-10-01 	22:38:56	-7.43	18.23	17.38	9.29	40	210	40:25:32,77621	-3:33:24,20752	692
144	2018-10-01 	22:38:57	-7.43	18.23	17.38	9.29	40	210	40:25:32,77718	-3:33:24,20604	692
145	2018-10-01 	22:38:58	-7.43	18.23	17.38	9.29	40	210	40:25:32,78053	-3:33:24,20618	692
146	2018-10-01 	22:38:59	-7.43	18.23	17.37	9.376	40	210	40:25:32,78035	-3:33:24,20453	691
147	2018-10-01 	22:39:00	-7.43	18.23	17.38	9.29	39	208	40:25:32,77895	-3:33:24,2096	691
148	2018-10-01 	22:39:01	-2.87	18.15	17.3	10	20	212	40:25:32,7828	-3:33:24,21576	691
149	2018-10-01 	22:39:02	-2.83	18.13	16.83	15.417	21	212	40:25:32,7895	-3:33:24,21709	692
150	2018-10-01 	22:39:03	-2.59	18.15	16.8	15.849	19	211	40:25:32,79504	-3:33:24,21958	692
151	2018-10-01 	22:39:05	-2.59	18.13	16.79	15.996	19	213	40:25:32,80494	-3:33:24,23056	692
152	2018-10-01 	22:39:06	-2.39	18.17	16.79	15.996	19	212	40:25:32,8058	-3:33:24,22894	692
153	2018-10-01 	22:39:08	-2.23	18.13	16.77	16.293	19	211	40:25:32,81203	-3:33:24,23171	693
154	2018-10-01 	22:39:09	-2.23	18.15	16.76	16.444	19	211	40:25:32,81776	-3:33:24,23254	693
155	2018-10-01 	22:39:10	-2.23	18.15	16.76	16.444	19	211	40:25:32,82193	-3:33:24,23671	693
156	2018-10-01 	22:39:11	-2.23	18.15	16.76	16.444	48	210	40:25:32,82758	-3:33:24,242	693
157	2018-10-01 	22:39:12	-2.23	18.15	17.8	6.31	75	50	40:25:32,82913	-3:33:24,246	693
158	2018-10-01 	22:39:13	-0.85	18.17	17.89	5.808	22	18	40:25:32,8296	-3:33:24,24863	693
159	2018-10-01 	22:39:14	-0.45	18.13	17.02	12.942	23	57	40:25:32,8301	-3:33:24,24928	693
160	2018-10-01 	22:39:15	-0.37	18.15	16.98	13.428	23	57	40:25:32,83021	-3:33:24,24931	693
161	2018-10-01 	22:39:16	-0.41	18.15	16.97	13.552	23	57	40:25:32,83021	-3:33:24,24917	693
162	2018-10-01 	22:39:17	-0.45	18.15	16.98	13.428	23	58	40:25:32,83021	-3:33:24,24906	693
163	2018-10-01 	22:39:18	-0.45	18.15	16.97	13.552	23	56	40:25:32,83018	-3:33:24,24906	693
164	2018-10-01 	22:39:20	-0.07	18.15	16.97	13.552	22	56	40:25:32,82845	-3:33:24,24506	693
165	2018-10-01 	22:39:21	-0.03	18.15	16.92	14.191	23	53	40:25:32,8309	-3:33:24,24262	694
166	2018-10-01 	22:39:22	0.05	18.15	16.92	14.191	22	57	40:25:32,83313	-3:33:24,23714	694
167	2018-10-01 	22:39:23	-0.03	18.15	16.93	14.06	22	56	40:25:32,83493	-3:33:24,2419	694
168	2018-10-01 	22:39:24	0.05	18.17	16.92	14.191	22	56	40:25:32,83752	-3:33:24,2451	694
169	2018-10-01 	22:39:25	-7.39	18.15	17.02	12.942	39	58	40:25:32,83918	-3:33:24,24726	693
170	2018-10-01 	22:39:26	-7.39	18.17	17.5	8.318	39	57	40:25:32,84274	-3:33:24,24931	693
171	2018-10-01 	22:39:27	-8.21	18.15	17.5	8.318	41	57	40:25:32,8463	-3:33:24,25028	693
172	2018-10-01 	22:39:28	-8.21	18.17	17.53	8.091	41	57	40:25:32,84839	-3:33:24,25064	693
173	2018-10-01 	22:39:29	-8.25	18.15	17.53	8.091	41	56	40:25:32,84846	-3:33:24,25316	694
174	2018-10-01 	22:39:30	-8.17	18.15	17.53	8.091	41	57	40:25:32,85034	-3:33:24,25226	694
175	2018-10-01 	22:39:31	-8.37	18.15	17.53	8.091	41	60	40:25:32,85098	-3:33:24,25115	693
176	2018-10-01 	22:39:32	-8.29	18.15	17.54	8.017	41	60	40:25:32,85448	-3:33:24,24859	694
177	2018-10-01 	22:39:33	-8.33	18.13	17.54	8.017	42	60	40:25:32,8561	-3:33:24,24571	694
178	2018-10-01 	22:39:34	-8.37	18.15	17.54	8.017	41	60	40:25:32,86182	-3:33:24,2464	694
179	2018-10-01 	22:39:35	-8.37	18.15	17.54	8.017	62	55	40:25:32,85516	-3:33:24,24982	693
180	2018-10-01 	22:39:36	-8.37	18.15	17.85	6.026	61	58	40:25:32,85451	-3:33:24,25075	693
181	2018-10-01 	22:39:38	-8.37	18.15	17.85	6.026	61	59	40:25:32,84836	-3:33:24,27196	693
182	2018-10-01 	22:39:39	-8.37	18.15	17.85	6.026	61	59	40:25:32,84591	-3:33:24,2739	693
183	2018-10-01 	22:39:40	-8.37	18.15	17.85	6.026	61	58	40:25:32,83536	-3:33:24,2825	692
184	2018-10-01 	22:39:41	-8.37	18.15	17.85	6.026	61	58	40:25:32,82672	-3:33:24,28826	692
185	2018-10-01 	22:39:42	-8.37	18.15	17.85	6.026	61	61	40:25:32,81909	-3:33:24,28859	692
186	2018-10-01 	22:39:43	-8.37	18.15	17.85	6.026	61	59	40:25:32,81491	-3:33:24,28718	692
187	2018-10-01 	22:39:44	-8.37	18.15	17.85	6.026	61	59	40:25:32,81063	-3:33:24,28546	692
188	2018-10-01 	22:39:45	-8.37	18.15	17.85	6.026	75	64	40:25:32,81002	-3:33:24,28384	693
189	2018-10-01 	22:39:46	-8.37	18.15	17.97	5.395	79	62	40:25:32,81027	-3:33:24,28315	693
190	2018-10-01 	22:39:47	-8.37	18.15	17.97	5.395	78	63	40:25:32,81084	-3:33:24,28312	693
191	2018-10-01 	22:39:48	-8.37	18.15	17.97	5.395	79	64	40:25:32,81113	-3:33:24,28297	693
192	2018-10-01 	22:39:49	-8.37	18.15	17.97	5.395	78	65	40:25:32,81131	-3:33:24,28308	693
193	2018-10-01 	22:39:50	-8.37	18.15	17.97	5.395	79	64	40:25:32,81146	-3:33:24,28326	693
194	2018-10-01 	22:39:51	-8.37	18.15	17.97	5.395	79	64	40:25:32,81149	-3:33:24,28337	693
195	2018-10-01 	22:39:52	-8.37	18.15	17.97	5.395	79	64	40:25:32,81153	-3:33:24,28348	693
196	2018-10-01 	22:39:53	-8.37	18.15	17.97	5.395	78	63	40:25:32,81156	-3:33:24,28355	693
197	2018-10-01 	22:39:54	-8.37	18.15	17.97	5.395	79	63	40:25:32,8116	-3:33:24,28362	693
198	2018-10-01 	22:39:55	-8.37	18.15	17.97	5.395	79	60	40:25:32,81167	-3:33:24,28366	693
199	2018-10-01 	22:39:56	-8.37	18.15	17.97	5.395	80	207	40:25:32,81171	-3:33:24,28369	693
200	2018-10-01 	22:39:57	-8.37	18.15	17.94	5.546	80	207	40:25:32,81171	-3:33:24,28366	693
201	2018-10-01 	22:39:58	-8.37	18.15	17.94	5.546	80	208	40:25:32,81174	-3:33:24,28358	693
202	2018-10-01 	22:39:59	-8.37	18.15	17.94	5.546	80	207	40:25:32,81174	-3:33:24,28351	693
203	2018-10-01 	22:40:01	-8.37	18.15	17.95	5.495	80	208	40:25:32,81174	-3:33:24,28333	693
204	2018-10-01 	22:40:02	-8.37	18.15	17.95	5.495	80	207	40:25:32,81167	-3:33:24,28319	693
205	2018-10-01 	22:40:03	-8.37	18.15	17.95	5.495	80	207	40:25:32,81171	-3:33:24,28304	693
206	2018-10-01 	22:40:04	-8.37	18.15	17.95	5.495	80	208	40:25:32,81171	-3:33:24,28294	693
207	2018-10-01 	22:40:05	-8.37	18.15	17.94	5.546	80	208	40:25:32,81167	-3:33:24,28286	693
208	2018-10-01 	22:40:06	-8.37	18.15	17.95	5.495	62	226	40:25:32,81167	-3:33:24,28279	693
209	2018-10-01 	22:40:07	-8.37	18.15	17.76	6.546	62	225	40:25:32,81167	-3:33:24,28272	693
210	2018-10-01 	22:40:08	-8.37	18.15	17.76	6.546	62	227	40:25:32,81171	-3:33:24,28265	693
211	2018-10-01 	22:40:09	-8.37	18.15	17.75	6.607	62	226	40:25:32,81167	-3:33:24,28261	693
212	2018-10-01 	22:40:10	-8.37	18.15	17.76	6.546	62	226	40:25:32,81153	-3:33:24,28258	693
213	2018-10-01 	22:40:11	-8.37	18.15	17.75	6.607	62	226	40:25:32,81146	-3:33:24,2825	693
214	2018-10-01 	22:40:12	-8.37	18.15	17.75	6.607	62	226	40:25:32,81131	-3:33:24,2825	693
215	2018-10-01 	22:40:13	-8.37	18.15	17.75	6.607	62	227	40:25:32,81124	-3:33:24,2825	693
216	2018-10-01 	22:40:14	-8.37	18.15	17.75	6.607	62	226	40:25:32,81113	-3:33:24,28247	693
217	2018-10-01 	22:40:15	-8.37	18.15	17.75	6.607	62	227	40:25:32,81106	-3:33:24,28243	693
218	2018-10-01 	22:40:16	-8.37	18.15	17.75	6.607	55	239	40:25:32,81099	-3:33:24,28236	693
219	2018-10-01 	22:40:17	-8.37	18.15	17.42	8.954	42	235	40:25:32,81088	-3:33:24,2824	693
220	2018-10-01 	22:40:18	-8.37	18.15	17.31	9.908	42	235	40:25:32,81081	-3:33:24,28236	693
221	2018-10-01 	22:40:19	-8.37	18.15	17.3	10	41	235	40:25:32,81066	-3:33:24,28232	693
222	2018-10-01 	22:40:20	-8.37	18.15	17.28	10.186	41	235	40:25:32,81056	-3:33:24,28225	693
223	2018-10-01 	22:40:21	-8.37	18.15	17.29	10.093	41	236	40:25:32,81048	-3:33:24,28229	693
224	2018-10-01 	22:40:23	-8.37	18.15	17.25	10.471	40	235	40:25:32,81041	-3:33:24,28229	693
225	2018-10-01 	22:40:24	-8.37	18.15	17.25	10.471	40	235	40:25:32,81048	-3:33:24,28229	693
226	2018-10-01 	22:40:25	-8.37	18.15	17.25	10.471	40	235	40:25:32,81048	-3:33:24,28214	693
227	2018-10-01 	22:40:27	-3.23	18.21	17.25	10.471	20	238	40:25:32,81059	-3:33:24,28193	693
228	2018-10-01 	22:40:28	-3.03	18.17	16.57	19.588	20	239	40:25:32,81066	-3:33:24,28186	693
229	2018-10-01 	22:40:29	-2.83	18.17	16.56	19.77	20	239	40:25:32,81066	-3:33:24,28182	693
230	2018-10-01 	22:40:30	-2.75	18.19	16.53	20.324	20	239	40:25:32,8107	-3:33:24,28182	693
231	2018-10-01 	22:40:31	-2.75	18.19	16.53	20.324	20	239	40:25:32,81074	-3:33:24,28186	693
232	2018-10-01 	22:40:32	-2.75	18.21	16.53	20.324	20	239	40:25:32,81063	-3:33:24,28175	693
233	2018-10-01 	22:40:33	-2.71	18.25	16.53	20.324	19	238	40:25:32,81225	-3:33:24,28276	693
234	2018-10-01 	22:40:34	-2.67	18.19	16.51	20.701	19	238	40:25:32,81459	-3:33:24,2752	693
235	2018-10-01 	22:40:35	-2.67	18.21	16.51	20.701	19	238	40:25:32,812	-3:33:24,26332	693
236	2018-10-01 	22:40:36	-2.71	18.21	16.52	20.512	20	238	40:25:32,81635	-3:33:24,2622	693
237	2018-10-01 	22:40:37	-2.71	18.21	16.52	20.512	44	232	40:25:32,82028	-3:33:24,25698	693
238	2018-10-01 	22:40:38	-2.71	18.21	17.47	8.551	80	79	40:25:32,81916	-3:33:24,26332	693
239	2018-10-01 	22:40:39	-5.31	18.23	17.94	5.546	30	64	40:25:32,81999	-3:33:24,25536	694
240	2018-10-01 	22:40:40	-1.17	18.21	17.01	13.062	23	95	40:25:32,81383	-3:33:24,2622	693
241	2018-10-01 	22:40:41	-1.13	18.23	17.19	11.066	23	96	40:25:32,80454	-3:33:24,2546	693
242	2018-10-01 	22:40:42	-1.17	18.23	17.19	11.066	23	96	40:25:32,79796	-3:33:24,2465	693
243	2018-10-01 	22:40:43	-1.13	18.23	17.19	11.066	23	96	40:25:32,79673	-3:33:24,23876	693
244	2018-10-01 	22:40:44	-1.25	18.27	17.18	11.169	23	96	40:25:32,80087	-3:33:24,23232	693
245	2018-10-01 	22:40:45	-1.09	18.21	17.19	11.066	23	96	40:25:32,80516	-3:33:24,22728	693
246	2018-10-01 	22:40:46	-0.69	18.23	17.19	11.066	22	97	40:25:32,8121	-3:33:24,22451	693
247	2018-10-01 	22:40:47	-0.69	18.23	17.15	11.482	22	96	40:25:32,81855	-3:33:24,22415	693
248	2018-10-01 	22:40:48	-0.73	18.23	17.15	11.482	22	96	40:25:32,82557	-3:33:24,22278	693
249	2018-10-01 	22:40:49	-0.69	18.21	17.15	11.482	22	96	40:25:32,83108	-3:33:24,22163	693
250	2018-10-01 	22:40:50	-0.69	18.21	17.15	11.482	22	96	40:25:32,83129	-3:33:24,22008	693
251	2018-10-01 	22:40:51	-8.11	18.21	17.15	11.482	40	99	40:25:32,82913	-3:33:24,21612	693
252	2018-10-01 	22:40:52	-8.45	18.25	17.58	7.727	40	98	40:25:32,82704	-3:33:24,21216	693
253	2018-10-01 	22:40:53	-8.45	18.23	17.59	7.656	40	99	40:25:32,82604	-3:33:24,21072	693
254	2018-10-01 	22:40:54	-8.85	18.21	17.6	7.586	41	98	40:25:32,82542	-3:33:24,20978	693
255	2018-10-01 	22:40:56	-8.97	18.21	17.6	7.586	41	97	40:25:32,82348	-3:33:24,21248	693
256	2018-10-01 	22:40:57	-8.93	18.23	17.6	7.586	41	98	40:25:32,82254	-3:33:24,21878	693
257	2018-10-01 	22:40:58	-8.93	18.23	17.6	7.586	41	98	40:25:32,821	-3:33:24,21788	694
258	2018-10-01 	22:40:59	-8.97	18.21	17.61	7.516	41	98	40:25:32,82006	-3:33:24,21641	694
259	2018-10-01 	22:41:00	-8.97	18.23	17.61	7.516	42	98	40:25:32,81916	-3:33:24,2177	694
260	2018-10-01 	22:41:02	-8.97	18.23	17.89	5.808	60	100	40:25:32,80368	-3:33:24,21886	694
261	2018-10-01 	22:41:03	-8.97	18.23	17.89	5.808	61	100	40:25:32,79598	-3:33:24,22037	693
262	2018-10-01 	22:41:04	-8.97	18.23	17.89	5.808	61	101	40:25:32,79302	-3:33:24,22526	693
263	2018-10-01 	22:41:05	-8.97	18.23	17.89	5.808	61	100	40:25:32,78939	-3:33:24,22498	693
264	2018-10-01 	22:41:06	-8.97	18.23	17.89	5.808	61	99	40:25:32,78921	-3:33:24,2249	693
265	2018-10-01 	22:41:07	-8.97	18.23	17.89	5.808	61	99	40:25:32,78975	-3:33:24,22858	694
266	2018-10-01 	22:41:08	-8.97	18.23	17.9	5.754	61	101	40:25:32,78935	-3:33:24,23452	694
267	2018-10-01 	22:41:09	-8.97	18.23	17.89	5.808	61	100	40:25:32,78903	-3:33:24,23804	694
268	2018-10-01 	22:41:10	-8.97	18.23	17.9	5.754	61	101	40:25:32,7886	-3:33:24,2401	694
269	2018-10-01 	22:41:11	-8.97	18.23	17.9	5.754	58	116	40:25:32,78827	-3:33:24,24132	694
270	2018-10-01 	22:41:12	-8.97	18.23	17.97	5.395	78	104	40:25:32,78809	-3:33:24,24197	694
271	2018-10-01 	22:41:13	-8.97	18.23	17.99	5.297	78	102	40:25:32,78798	-3:33:24,24226	694
272	2018-10-01 	22:41:14	-8.97	18.23	17.99	5.297	78	103	40:25:32,78791	-3:33:24,2424	694
273	2018-10-01 	22:41:15	-8.97	18.23	17.99	5.297	78	103	40:25:32,78798	-3:33:24,24247	694
274	2018-10-01 	22:41:16	-8.97	18.23	17.99	5.297	78	102	40:25:32,78802	-3:33:24,24251	694
275	2018-10-01 	22:41:17	-8.97	18.23	17.99	5.297	78	103	40:25:32,78806	-3:33:24,24247	694
276	2018-10-01 	22:41:19	-8.97	18.23	17.99	5.297	78	102	40:25:32,78798	-3:33:24,2424	694
277	2018-10-01 	22:41:20	-8.97	18.23	17.99	5.297	78	102	40:25:32,78791	-3:33:24,24233	694
278	2018-10-01 	22:41:21	-8.97	18.23	17.99	5.297	78	102	40:25:32,78777	-3:33:24,24218	694
279	2018-10-01 	22:41:22	-8.97	18.23	17.99	5.297	80	243	40:25:32,78766	-3:33:24,24208	694
280	2018-10-01 	22:41:23	-8.97	18.23	17.93	5.598	80	245	40:25:32,78759	-3:33:24,24197	694
281	2018-10-01 	22:41:24	-8.97	18.23	17.93	5.598	81	245	40:25:32,78748	-3:33:24,24182	694
282	2018-10-01 	22:41:25	-8.97	18.23	17.93	5.598	80	244	40:25:32,78741	-3:33:24,24164	694
283	2018-10-01 	22:41:26	-8.97	18.23	17.93	5.598	80	242	40:25:32,78734	-3:33:24,24146	694
284	2018-10-01 	22:41:27	-8.97	18.23	17.93	5.598	80	244	40:25:32,7873	-3:33:24,24132	694
285	2018-10-01 	22:41:28	-8.97	18.23	17.93	5.598	80	244	40:25:32,78716	-3:33:24,2411	694
286	2018-10-01 	22:41:29	-8.97	18.23	17.93	5.598	80	242	40:25:32,78708	-3:33:24,24096	694
287	2018-10-01 	22:41:30	-8.97	18.23	17.93	5.598	80	243	40:25:32,78712	-3:33:24,24089	694
288	2018-10-01 	22:41:31	-8.97	18.23	17.94	5.546	80	244	40:25:32,78708	-3:33:24,24074	694
289	2018-10-01 	22:41:32	-8.97	18.23	17.93	5.598	63	259	40:25:32,78708	-3:33:24,24082	694
290	2018-10-01 	22:41:34	-8.97	18.23	17.73	6.73	62	255	40:25:32,78708	-3:33:24,24089	694
291	2018-10-01 	22:41:36	-8.97	18.23	17.72	6.792	62	256	40:25:32,78816	-3:33:24,23747	694
292	2018-10-01 	22:41:37	-8.97	18.23	17.73	6.73	62	256	40:25:32,78899	-3:33:24,22678	694
293	2018-10-01 	22:41:39	-8.97	18.23	17.72	6.792	62	256	40:25:32,76692	-3:33:24,20906	693
294	2018-10-01 	22:41:40	-8.97	18.23	17.71	6.855	62	255	40:25:32,75922	-3:33:24,19945	693
295	2018-10-01 	22:41:41	-8.97	18.23	17.71	6.855	62	255	40:25:32,75598	-3:33:24,19394	693
296	2018-10-01 	22:41:42	-8.97	18.23	17.72	6.792	62	255	40:25:32,75638	-3:33:24,19618	693
297	2018-10-01 	22:41:43	-8.97	18.23	17.71	6.855	62	255	40:25:32,75627	-3:33:24,19747	693
298	2018-10-01 	22:41:44	-8.97	18.23	17.52	8.166	42	260	40:25:32,75771	-3:33:24,2014	693
299	2018-10-01 	22:41:45	-8.97	18.23	17.29	10.093	42	260	40:25:32,76221	-3:33:24,2105	693
300	2018-10-01 	22:41:46	-8.97	18.23	17.29	10.093	41	261	40:25:32,7643	-3:33:24,22037	693
301	2018-10-01 	22:41:47	-8.97	18.23	17.27	10.28	41	261	40:25:32,76091	-3:33:24,2208	693
302	2018-10-01 	22:41:48	-8.97	18.23	17.27	10.28	41	261	40:25:32,76008	-3:33:24,2177	694
303	2018-10-01 	22:41:49	-8.97	18.23	17.27	10.28	40	262	40:25:32,75994	-3:33:24,21504	694
304	2018-10-01 	22:41:50	-8.97	18.23	17.24	10.568	40	262	40:25:32,75998	-3:33:24,21364	694
305	2018-10-01 	22:41:52	-8.97	18.23	17.24	10.568	40	261	40:25:32,76019	-3:33:24,21284	694
306	2018-10-01 	22:41:53	-8.97	18.23	17.24	10.568	40	262	40:25:32,76026	-3:33:24,2127	694
307	2018-10-01 	22:41:54	-3.35	18.19	17.24	10.568	21	265	40:25:32,7603	-3:33:24,21263	694
308	2018-10-01 	22:41:55	-2.99	18.21	16.65	18.197	20	266	40:25:32,76034	-3:33:24,21256	694
309	2018-10-01 	22:41:56	-2.91	18.21	16.62	18.707	20	266	40:25:32,7603	-3:33:24,21248	694
310	2018-10-01 	22:41:57	-2.75	18.21	16.63	18.535	20	266	40:25:32,7603	-3:33:24,21245	694
311	2018-10-01 	22:41:58	-2.67	18.21	16.6	19.055	20	265	40:25:32,76026	-3:33:24,21234	694
312	2018-10-01 	22:41:59	-2.63	18.21	16.6	19.055	20	266	40:25:32,7603	-3:33:24,21238	694
313	2018-10-01 	22:42:00	-2.59	18.19	16.6	19.055	20	265	40:25:32,76037	-3:33:24,21234	694
314	2018-10-01 	22:42:01	-2.75	18.21	16.6	19.055	20	266	40:25:32,76041	-3:33:24,21238	694
315	2018-10-01 	22:42:02	-2.55	18.21	16.59	19.231	19	265	40:25:32,76044	-3:33:24,21238	694
316	2018-10-01 	22:42:03	-2.63	18.19	16.59	19.231	19	266	40:25:32,76044	-3:33:24,21234	694
317	2018-10-01 	22:42:04	-9.05	18.23	16.59	19.231	40	271	40:25:32,76041	-3:33:24,21227	694
318	2018-10-01 	22:42:05	-9.05	18.23	17.23	10.666	87	172	40:25:32,76037	-3:33:24,21216	694
319	2018-10-01 	22:42:06	-8.89	18.19	17.99	5.297	40	97	40:25:32,7603	-3:33:24,21202	694
320	2018-10-01 	22:42:07	-1.29	18.19	17.48	8.472	23	136	40:25:32,7603	-3:33:24,21191	694
321	2018-10-01 	22:42:08	-1.29	18.21	17.29	10.093	23	134	40:25:32,76023	-3:33:24,21176	694
322	2018-10-01 	22:42:09	-1.29	18.21	17.29	10.093	23	135	40:25:32,76012	-3:33:24,21162	694
323	2018-10-01 	22:42:10	-1.29	18.21	17.29	10.093	23	134	40:25:32,76008	-3:33:24,21158	694
324	2018-10-01 	22:42:11	-1.29	18.19	17.29	10.093	23	134	40:25:32,76012	-3:33:24,21158	694
325	2018-10-01 	22:42:12	-0.81	18.21	17.29	10.093	22	136	40:25:32,76134	-3:33:24,21032	694
326	2018-10-01 	22:42:13	-0.85	18.23	17.25	10.471	22	135	40:25:32,75699	-3:33:24,20525	694
327	2018-10-01 	22:42:16	-0.77	18.23	17.26	10.375	22	136	40:25:32,74565	-3:33:24,19538	694
328	2018-10-01 	22:42:17	-0.89	18.21	17.26	10.375	22	136	40:25:32,74828	-3:33:24,18988	694
329	2018-10-01 	22:42:18	-8.45	18.23	17.26	10.375	40	139	40:25:32,75681	-3:33:24,18757	694
330	2018-10-01 	22:42:19	-8.55	18.21	17.64	7.311	40	140	40:25:32,76376	-3:33:24,18278	694
331	2018-10-01 	22:42:20	-8.59	18.23	17.64	7.311	40	140	40:25:32,7729	-3:33:24,18772	694
332	2018-10-01 	22:42:21	-9.23	18.21	17.66	7.178	41	139	40:25:32,78237	-3:33:24,19859	694
333	2018-10-01 	22:42:22	-9.23	18.21	17.67	7.112	41	139	40:25:32,78795	-3:33:24,20773	694
334	2018-10-01 	22:42:23	-9.15	18.25	17.67	7.112	41	139	40:25:32,79072	-3:33:24,21097	694
335	2018-10-01 	22:42:24	-9.27	18.23	17.67	7.112	42	140	40:25:32,79252	-3:33:24,21277	694
336	2018-10-01 	22:42:25	-9.41	18.23	17.67	7.112	42	137	40:25:32,79356	-3:33:24,21439	694
337	2018-10-01 	22:42:26	-9.37	18.19	17.68	7.047	42	138	40:25:32,79428	-3:33:24,21533	694
338	2018-10-01 	22:42:27	-9.41	18.21	17.68	7.047	42	137	40:25:32,79461	-3:33:24,2158	694
339	2018-10-01 	22:42:28	-9.41	18.21	17.67	7.112	57	137	40:25:32,79472	-3:33:24,21598	694
340	2018-10-01 	22:42:29	-9.41	18.21	17.92	5.649	61	142	40:25:32,79472	-3:33:24,21601	694
341	2018-10-01 	22:42:30	-9.41	18.21	17.93	5.598	61	142	40:25:32,79468	-3:33:24,21594	694
342	2018-10-01 	22:42:31	-9.41	18.21	17.93	5.598	61	143	40:25:32,79457	-3:33:24,21587	694
343	2018-10-01 	22:42:32	-9.41	18.21	17.93	5.598	61	142	40:25:32,7945	-3:33:24,21576	694
344	2018-10-01 	22:42:33	-9.41	18.21	17.93	5.598	61	142	40:25:32,79454	-3:33:24,21569	694
345	2018-10-01 	22:42:34	-9.41	18.21	17.93	5.598	61	142	40:25:32,79454	-3:33:24,21565	694
346	2018-10-01 	22:42:35	-9.41	18.21	17.93	5.598	61	142	40:25:32,79454	-3:33:24,21558	694
347	2018-10-01 	22:42:36	-9.41	18.21	17.93	5.598	61	142	40:25:32,79454	-3:33:24,21544	694
348	2018-10-01 	22:42:38	-9.41	18.21	17.93	5.598	61	142	40:25:32,7945	-3:33:24,21518	694
349	2018-10-01 	22:42:39	-9.41	18.21	17.97	5.395	79	149	40:25:32,7945	-3:33:24,215	694
350	2018-10-01 	22:42:40	-9.41	18.21	18.01	5.2	79	149	40:25:32,7945	-3:33:24,21493	694
351	2018-10-01 	22:42:41	-9.41	18.21	18.01	5.2	79	149	40:25:32,7945	-3:33:24,2149	694
352	2018-10-01 	22:42:42	-9.41	18.21	18.01	5.2	79	148	40:25:32,79569	-3:33:24,21148	694
353	2018-10-01 	22:42:43	-9.41	18.21	18.01	5.2	78	149	40:25:32,79166	-3:33:24,21817	693
354	2018-10-01 	22:42:44	-9.41	18.21	18.01	5.2	79	148	40:25:32,79234	-3:33:24,22386	693
355	2018-10-01 	22:42:45	-9.41	18.21	18	5.248	79	149	40:25:32,79659	-3:33:24,21976	693
356	2018-10-01 	22:42:46	-9.41	18.21	18.01	5.2	79	148	40:25:32,79734	-3:33:24,22008	693
357	2018-10-01 	22:42:47	-9.41	18.21	18.01	5.2	79	149	40:25:32,79994	-3:33:24,21925	693
358	2018-10-01 	22:42:48	-9.41	18.21	18	5.248	79	150	40:25:32,79954	-3:33:24,21223	692
359	2018-10-01 	22:42:49	-9.41	18.21	18.01	5.2	81	292	40:25:32,79968	-3:33:24,20849	692
360	2018-10-01 	22:42:50	-9.41	18.21	17.93	5.598	81	292	40:25:32,7981	-3:33:24,20575	693
361	2018-10-01 	22:42:51	-9.41	18.21	17.93	5.598	80	292	40:25:32,79918	-3:33:24,2059	692
362	2018-10-01 	22:42:52	-9.41	18.21	17.93	5.598	80	293	40:25:32,8031	-3:33:24,20752	692
363	2018-10-01 	22:42:53	-9.41	18.21	17.93	5.598	80	292	40:25:32,80408	-3:33:24,20471	692
364	2018-10-01 	22:42:54	-9.41	18.21	17.93	5.598	80	292	40:25:32,8022	-3:33:24,20356	692
365	2018-10-01 	22:42:55	-9.41	18.21	17.93	5.598	81	292	40:25:32,80091	-3:33:24,20035	692
366	2018-10-01 	22:42:56	-9.41	18.21	17.93	5.598	80	290	40:25:32,7972	-3:33:24,1934	692
367	2018-10-01 	22:42:57	-9.41	18.21	17.93	5.598	80	290	40:25:32,80109	-3:33:24,19499	692
368	2018-10-01 	22:42:58	-9.41	18.21	17.93	5.598	80	294	40:25:32,80267	-3:33:24,19398	692
369	2018-10-01 	22:43:00	-9.41	18.21	17.77	6.486	62	296	40:25:32,80487	-3:33:24,19427	692
370	2018-10-01 	22:43:01	-9.41	18.21	17.72	6.792	62	298	40:25:32,80541	-3:33:24,19492	692
371	2018-10-01 	22:43:02	-9.41	18.21	17.73	6.73	62	297	40:25:32,8057	-3:33:24,19535	692
372	2018-10-01 	22:43:03	-9.41	18.21	17.72	6.792	62	296	40:25:32,80742	-3:33:24,1924	692
373	2018-10-01 	22:43:05	-9.41	18.21	17.73	6.73	62	297	40:25:32,80541	-3:33:24,20539	692
374	2018-10-01 	22:43:06	-9.41	18.21	17.72	6.792	62	297	40:25:32,80429	-3:33:24,21457	692
375	2018-10-01 	22:43:07	-9.41	18.21	17.71	6.855	62	297	40:25:32,80372	-3:33:24,2222	692
376	2018-10-01 	22:43:08	-9.41	18.21	17.73	6.73	62	296	40:25:32,80267	-3:33:24,22879	692
377	2018-10-01 	22:43:09	-9.41	18.21	17.71	6.855	62	296	40:25:32,80332	-3:33:24,22123	692
378	2018-10-01 	22:43:10	-9.41	18.21	17.7	6.918	42	295	40:25:32,80238	-3:33:24,2132	692
379	2018-10-01 	22:43:11	-9.41	18.21	17.24	10.568	42	295	40:25:32,8031	-3:33:24,21097	692
380	2018-10-01 	22:43:12	-9.41	18.21	17.23	10.666	42	294	40:25:32,79716	-3:33:24,21461	691
381	2018-10-01 	22:43:13	-9.41	18.21	17.23	10.666	41	297	40:25:32,79378	-3:33:24,2158	691
382	2018-10-01 	22:43:14	-9.41	18.21	17.21	10.864	41	295	40:25:32,79511	-3:33:24,21205	691
383	2018-10-01 	22:43:15	-9.41	18.21	17.21	10.864	41	294	40:25:32,79562	-3:33:24,20366	691
384	2018-10-01 	22:43:16	-9.41	18.21	17.21	10.864	40	297	40:25:32,80044	-3:33:24,201	692
385	2018-10-01 	22:43:17	-9.41	18.21	17.2	10.965	40	297	40:25:32,80634	-3:33:24,20831	691
386	2018-10-01 	22:43:18	-9.41	18.21	17.2	10.965	41	297	40:25:32,80667	-3:33:24,21065	691
387	2018-10-01 	22:43:19	-9.41	18.21	17.2	10.965	41	297	40:25:32,79716	-3:33:24,21724	691
388	2018-10-01 	22:43:20	-2.99	18.15	17.2	10.965	21	301	40:25:32,79047	-3:33:24,22314	691
389	2018-10-01 	22:43:21	-2.79	18.21	16.64	18.365	21	300	40:25:32,79	-3:33:24,23095	691
390	2018-10-01 	22:43:22	-2.67	18.19	16.63	18.535	20	298	40:25:32,7868	-3:33:24,22483	691
391	2018-10-01 	22:43:23	-2.55	18.17	16.62	18.707	20	299	40:25:32,78096	-3:33:24,22015	691
392	2018-10-01 	22:43:24	-2.43	18.19	16.61	18.88	19	300	40:25:32,77636	-3:33:24,22012	692
393	2018-10-01 	22:43:26	-2.47	18.17	16.61	18.88	19	299	40:25:32,7679	-3:33:24,21396	691
394	2018-10-01 	22:43:27	-2.23	18.19	16.61	18.88	19	301	40:25:32,76674	-3:33:24,21403	692
395	2018-10-01 	22:43:28	-2.23	18.19	16.61	18.88	19	301	40:25:32,768	-3:33:24,21713	692
396	2018-10-01 	22:43:29	-2.31	18.17	16.61	18.88	19	301	40:25:32,76772	-3:33:24,21922	692
397	2018-10-01 	22:43:30	-2.75	18.17	16.61	18.88	28	303	40:25:32,76714	-3:33:24,22033	692
398	2018-10-01 	22:43:31	-2.75	18.17	16.85	15.136	79	286	40:25:32,76667	-3:33:24,22123	692
399	2018-10-01 	22:43:33	-1.71	18.19	17.65	7.244	26	168	40:25:32,76624	-3:33:24,22184	692
400	2018-10-01 	22:43:34	-1.75	18.19	17.18	11.169	23	169	40:25:32,7661	-3:33:24,22199	692
401	2018-10-01 	22:43:35	-1.75	18.19	17.19	11.066	23	168	40:25:32,76602	-3:33:24,2221	692
402	2018-10-01 	22:43:36	-1.75	18.19	17.18	11.169	24	168	40:25:32,76595	-3:33:24,22213	692
403	2018-10-01 	22:43:37	-1.79	18.17	17.18	11.169	23	168	40:25:32,76588	-3:33:24,2222	692
404	2018-10-01 	22:43:38	-1.39	18.19	17.17	11.272	23	170	40:25:32,76584	-3:33:24,22217	692
405	2018-10-01 	22:43:39	-1.35	18.19	17.15	11.482	23	170	40:25:32,76584	-3:33:24,22217	692
406	2018-10-01 	22:43:40	-1.35	18.19	17.15	11.482	23	171	40:25:32,76581	-3:33:24,2222	692
407	2018-10-01 	22:43:42	-1.35	18.21	17.15	11.482	23	171	40:25:32,76584	-3:33:24,22228	692
408	2018-10-01 	22:43:44	-8.89	18.19	17.14	11.588	40	174	40:25:32,76581	-3:33:24,22249	692
409	2018-10-01 	22:43:45	-8.85	18.21	17.6	7.586	40	175	40:25:32,76574	-3:33:24,22256	692
410	2018-10-01 	22:43:46	-9.49	18.23	17.6	7.586	40	176	40:25:32,76559	-3:33:24,22249	692
411	2018-10-01 	22:43:47	-9.49	18.25	17.64	7.311	42	175	40:25:32,76556	-3:33:24,22242	692
412	2018-10-01 	22:43:48	-9.45	18.19	17.64	7.311	42	175	40:25:32,76484	-3:33:24,21918	692
413	2018-10-01 	22:43:49	-9.53	18.17	17.64	7.311	42	175	40:25:32,76563	-3:33:24,22278	692
414	2018-10-01 	22:43:50	-9.71	18.19	17.63	7.379	42	176	40:25:32,77283	-3:33:24,21918	691
415	2018-10-01 	22:43:51	-9.71	18.17	17.64	7.311	42	173	40:25:32,781	-3:33:24,2276	691
416	2018-10-01 	22:43:52	-9.71	18.17	17.64	7.311	42	173	40:25:32,78496	-3:33:24,23149	691
417	2018-10-01 	22:43:53	-9.71	18.17	17.64	7.311	42	173	40:25:32,78496	-3:33:24,23149	691
418	2018-10-01 	22:43:55	-9.71	18.17	17.93	5.598	62	181	40:25:32,79439	-3:33:24,25496	690
419	2018-10-01 	22:43:56	-9.71	18.17	17.93	5.598	62	180	40:25:32,79126	-3:33:24,26155	690
420	2018-10-01 	22:43:57	-9.71	18.17	17.93	5.598	62	181	40:25:32,79101	-3:33:24,26558	690
421	2018-10-01 	22:43:58	-9.71	18.17	17.93	5.598	62	180	40:25:32,79205	-3:33:24,27098	690
422	2018-10-01 	22:43:59	-9.71	18.17	17.93	5.598	62	180	40:25:32,7905	-3:33:24,27383	691
423	2018-10-01 	22:44:01	-9.71	18.17	17.93	5.598	62	180	40:25:32,78752	-3:33:24,28016	691
424	2018-10-01 	22:44:02	-9.71	18.17	17.93	5.598	62	180	40:25:32,78752	-3:33:24,28196	691
425	2018-10-01 	22:44:03	-9.71	18.17	17.93	5.598	62	181	40:25:32,7886	-3:33:24,28452	691
426	2018-10-01 	22:44:04	-9.71	18.17	17.93	5.598	62	180	40:25:32,79119	-3:33:24,29176	692
427	2018-10-01 	22:44:05	-9.71	18.17	18	5.248	79	186	40:25:32,79486	-3:33:24,29795	692
428	2018-10-01 	22:44:06	-9.71	18.17	18	5.248	79	187	40:25:32,79922	-3:33:24,30284	692
429	2018-10-01 	22:44:07	-9.71	18.17	18	5.248	79	187	40:25:32,80523	-3:33:24,30997	692
430	2018-10-01 	22:44:08	-9.71	18.17	18	5.248	79	187	40:25:32,80148	-3:33:24,31004	692
431	2018-10-01 	22:44:09	-9.71	18.17	18	5.248	79	187	40:25:32,80148	-3:33:24,31004	692
432	2018-10-01 	22:44:10	-9.71	18.17	18	5.248	79	188	40:25:32,79695	-3:33:24,29615	693
433	2018-10-01 	22:44:11	-9.71	18.17	18	5.248	79	187	40:25:32,79202	-3:33:24,28848	692
434	2018-10-01 	22:44:12	-9.71	18.17	17.99	5.297	79	187	40:25:32,78989	-3:33:24,2816	693
435	2018-10-01 	22:44:13	-9.71	18.17	18	5.248	79	187	40:25:32,78748	-3:33:24,27253	693
436	2018-10-01 	22:44:14	-9.71	18.17	18	5.248	79	186	40:25:32,7819	-3:33:24,26566	692
437	2018-10-01 	22:44:15	-9.71	18.17	17.92	5.649	82	334	40:25:32,77805	-3:33:24,25856	692
438	2018-10-01 	22:44:16	-9.71	18.17	17.92	5.649	80	337	40:25:32,77337	-3:33:24,25237	692
439	2018-10-01 	22:44:17	-9.71	18.17	17.93	5.598	80	334	40:25:32,77308	-3:33:24,24618	692
440	2018-10-01 	22:44:18	-9.71	18.17	17.92	5.649	80	335	40:25:32,77074	-3:33:24,24067	692
441	2018-10-01 	22:44:19	-9.71	18.17	17.93	5.598	80	335	40:25:32,76901	-3:33:24,2375	692
442	2018-10-01 	22:44:20	-9.71	18.17	17.93	5.598	80	333	40:25:32,77171	-3:33:24,23131	692
443	2018-10-01 	22:44:21	-9.71	18.17	17.92	5.649	80	334	40:25:32,77564	-3:33:24,23484	692
444	2018-10-01 	22:44:22	-9.71	18.17	17.92	5.649	80	334	40:25:32,77135	-3:33:24,22562	692
445	2018-10-01 	22:44:23	-9.71	18.17	17.92	5.649	80	335	40:25:32,76862	-3:33:24,21504	692
446	2018-10-01 	22:44:24	-9.71	18.17	17.92	5.649	80	334	40:25:32,76354	-3:33:24,20784	692
447	2018-10-01 	22:44:25	-9.71	18.17	17.81	6.252	78	346	40:25:32,76206	-3:33:24,19499	692
448	2018-10-01 	22:44:26	-9.71	18.17	17.68	7.047	61	339	40:25:32,76761	-3:33:24,19992	691
449	2018-10-01 	22:44:27	-9.71	18.17	17.68	7.047	61	338	40:25:32,76761	-3:33:24,19927	690
450	2018-10-01 	22:44:28	-9.71	18.17	17.68	7.047	61	339	40:25:32,76714	-3:33:24,19895	691
451	2018-10-01 	22:44:29	-9.71	18.17	17.68	7.047	61	339	40:25:32,74864	-3:33:24,20766	690
452	2018-10-01 	22:44:30	-9.71	18.17	17.68	7.047	61	338	40:25:32,73967	-3:33:24,21245	690
453	2018-10-01 	22:44:31	-9.71	18.17	17.68	7.047	61	339	40:25:32,73928	-3:33:24,21997	690
454	2018-10-01 	22:44:32	-9.71	18.17	17.68	7.047	61	338	40:25:32,73586	-3:33:24,22519	690
455	2018-10-01 	22:44:33	-9.71	18.17	17.68	7.047	61	340	40:25:32,73146	-3:33:24,22462	690
456	2018-10-01 	22:44:34	-9.71	18.17	17.68	7.047	61	340	40:25:32,7284	-3:33:24,22256	690
457	2018-10-01 	22:44:35	-9.71	18.17	17.68	7.047	61	338	40:25:32,73002	-3:33:24,21763	691
458	2018-10-01 	22:44:36	-9.71	18.17	17.14	11.588	41	332	40:25:32,72786	-3:33:24,21148	691
459	2018-10-01 	22:44:37	-9.71	18.17	17.13	11.695	41	333	40:25:32,72354	-3:33:24,21814	691
460	2018-10-01 	22:44:38	-9.71	18.17	17.12	11.803	41	332	40:25:32,71796	-3:33:24,21839	691
461	2018-10-01 	22:44:39	-9.71	18.17	17.1	12.023	40	333	40:25:32,70878	-3:33:24,20975	691
462	2018-10-01 	22:44:40	-9.71	18.17	17.09	12.134	40	333	40:25:32,7108	-3:33:24,19906	690
463	2018-10-01 	22:44:41	-9.71	18.17	17.1	12.023	40	332	40:25:32,71728	-3:33:24,19942	690
464	2018-10-01 	22:44:42	-9.71	18.17	17.08	12.246	40	335	40:25:32,73118	-3:33:24,20575	690
465	2018-10-01 	22:44:43	-9.71	18.17	17.08	12.246	40	336	40:25:32,74464	-3:33:24,21436	690
466	2018-10-01 	22:44:44	-9.71	18.17	17.08	12.246	40	336	40:25:32,75584	-3:33:24,22228	690
467	2018-10-01 	22:44:45	-3.63	18.15	17.08	12.246	40	335	40:25:32,7661	-3:33:24,22613	690
468	2018-10-01 	22:44:46	-1.83	18.15	16.34	24.21	22	341	40:25:32,77088	-3:33:24,23261	690
469	2018-10-01 	22:44:47	-1.79	18.15	16.3	25.119	19	334	40:25:32,77636	-3:33:24,23776	690
470	2018-10-01 	22:44:48	-1.59	18.13	16.3	25.119	20	333	40:25:32,7752	-3:33:24,23632	690
471	2018-10-01 	22:44:50	-1.55	18.15	16.25	26.303	19	334	40:25:32,77333	-3:33:24,23329	690
472	2018-10-01 	22:44:51	-1.43	18.15	16.24	26.546	19	335	40:25:32,77254	-3:33:24,23232	690
473	2018-10-01 	22:44:52	-1.39	18.15	16.22	27.04	19	336	40:25:32,77229	-3:33:24,23142	690
474	2018-10-01 	22:44:53	-1.35	18.13	16.24	26.546	19	337	40:25:32,77222	-3:33:24,23081	690
475	2018-10-01 	22:44:54	-1.39	18.15	16.22	27.04	19	336	40:25:32,77214	-3:33:24,23048	690
476	2018-10-01 	22:44:55	-1.43	18.15	16.23	26.792	19	336	40:25:32,77211	-3:33:24,23027	690
477	2018-10-01 	22:44:56	-1.43	18.15	16.27	25.823	19	336	40:25:32,77204	-3:33:24,23012	690
478	2018-10-01 	22:44:57	-1.43	18.15	17.89	5.808	70	335	40:25:32,77204	-3:33:24,23012	690
479	2018-10-01 	22:44:58	-1.79	18.15	17.77	6.486	60	179	40:25:32,77193	-3:33:24,22994	690
480	2018-10-01 	22:44:59	1.59	18.17	17.29	10.093	23	154	40:25:32,77189	-3:33:24,22991	690
481	2018-10-01 	22:45:00	3.97	18.15	17.19	11.066	26	75	40:25:32,76786	-3:33:24,22915	690
482	2018-10-01 	22:45:01	-0.15	18.15	16.9	14.454	25	8	40:25:32,77301	-3:33:24,20827	690
483	2018-10-01 	22:45:02	0.21	18.13	16.71	17.219	23	353	40:25:32,77196	-3:33:24,20125	690
